104
128
100
12 20 20 16 16 0 22 13 0 0 0 0 0 0 0 0 0 0 0 0 0 0 0 0 0 0 0 0 0 0 0 0 0 0 0 0 0 0 0 0 0 0 0 0 0 0 0 0 0 0 0 0 0 0 0 0 0 0 0 0 0 0 0 0 0 0 0 0 0 0 0 0 0 0 0 0 0 0 0 0 0 0 0 0 0 0 0 0 0 0 0 0 0 0 0 0 0 0 0 0 0 0 0 0
2 8 9
2 8 9
2 10 11
2 10 11
2 12 13
2 12 13
2 14 15
2 14 15
2 16 17
1 17
2 18 19
1 18
2 20 21
1 21
2 22 23
1 22
2 24 25
2 24 25
2 26 27
2 26 27
2 28 29
2 28 29
2 30 31
2 30 31
2 32 33
1 33
2 34 35
1 35
2 36 37
1 36
2 38 39
1 38
2 40 41
2 42 43
2 44 45
2 46 47
2 40 41
2 42 43
2 44 45
2 46 47
2 48 49
1 49
2 50 51
1 51
2 52 53
1 53
2 54 55
1 55
2 56 57
2 58 59
2 60 61
2 62 63
2 56 57
2 58 59
2 60 61
2 62 63
2 64 65
1 65
2 66 67
1 67
2 68 69
1 69
2 70 71
1 71
2 88 89
2 90 91
2 92 93
2 94 95
2 88 89
2 90 91
2 92 93
2 94 95
0
0
0
0
0
0
0
0
2 88 89
2 88 89
2 90 91
2 90 91
2 92 93
2 92 93
2 94 95
2 94 95
2 96 97
2 97 96
2 98 99
2 99 98
2 100 101
2 101 100
2 102 103
2 103 102
0
0
0
0
0
0
0
0
0 a+ 1 1 0
1 a+ 1 1 0
2 a+ 1 1 0
3 a+ 1 1 0
4 a+ 1 1 0
5 a+ 1 1 0
6 a+ 1 1 0
7 a+ 1 1 0
8 a2 2 1 0
8 a1 1 0 0
9 a2 2 0 0
9 a1 1 1 0
10 a2 2 1 0
10 a1 1 0 0
11 a2 2 0 0
11 a1 1 1 0
12 a2 2 1 0
12 a1 1 0 0
13 a2 2 0 0
13 a1 1 1 0
14 a2 2 1 0
14 a1 1 0 0
15 a2 2 0 0
15 a1 1 1 0
16 a+ 1 1 0
17 a+ 1 1 0
18 a+ 1 1 0
19 a+ 1 1 0
20 a+ 1 1 0
21 a+ 1 1 0
22 a+ 1 1 0
23 a+ 1 1 0
24 a2 2 1 0
24 a1 1 0 0
25 a2 2 0 0
25 a1 1 1 0
26 a2 2 1 0
26 a1 1 0 0
27 a2 2 0 0
27 a1 1 1 0
28 a2 2 1 0
28 a1 1 0 0
29 a2 2 0 0
29 a1 1 1 0
30 a2 2 1 0
30 a1 1 0 0
31 a2 2 0 0
31 a1 1 1 0
32 a+ 1 1 0
33 a+ 1 1 0
34 a+ 1 1 0
35 a+ 1 1 0
36 a+ 1 1 0
37 a+ 1 1 0
38 a+ 1 1 0
39 a+ 1 1 0
40 a2 2 1 0
40 a1 1 0 0
41 a2 2 0 0
41 a1 1 1 0
42 a2 2 1 0
42 a1 1 0 0
43 a2 2 0 0
43 a1 1 1 0
44 a2 2 1 0
44 a1 1 0 0
45 a2 2 0 0
45 a1 1 1 0
46 a2 2 1 0
46 a1 1 0 0
47 a2 2 0 0
47 a1 1 1 0
48 a+ 1 1 0
49 a+ 1 1 0
50 a+ 1 1 0
51 a+ 1 1 0
52 a+ 1 1 0
53 a+ 1 1 0
54 a+ 1 1 0
55 a+ 1 1 0
56 a2 2 1 0
56 a1 1 0 0
57 a2 2 0 0
57 a1 1 1 0
58 a2 2 1 0
58 a1 1 0 0
59 a2 2 0 0
59 a1 1 1 0
60 a2 2 1 0
60 a1 1 0 0
61 a2 2 0 0
61 a1 1 1 0
62 a2 2 1 0
62 a1 1 0 0
63 a2 2 0 0
63 a1 1 1 0
64 a+ 1 1 0
65 a+ 1 1 0
66 a+ 1 1 0
67 a+ 1 1 0
68 a+ 1 1 0
69 a+ 1 1 0
70 a+ 1 1 0
71 a+ 1 1 0
80 a+ 1 1 0
81 a+ 1 1 0
82 a+ 1 1 0
83 a+ 1 1 0
84 a+ 1 1 0
85 a+ 1 1 0
86 a+ 1 1 0
87 a+ 1 1 0
88 a2 2 1 0
88 a1 1 0 0
89 a2 2 0 0
89 a1 1 1 0
90 a2 2 1 0
90 a1 1 0 0
91 a2 2 0 0
91 a1 1 1 0
92 a2 2 1 0
92 a1 1 0 0
93 a2 2 0 0
93 a1 1 1 0
94 a2 2 1 0
94 a1 1 0 0
95 a2 2 0 0
95 a1 1 1 0
