336
448
100
0 4 6 2 9 17 18 11 20 8 2 7 22 10 6 21 0 0 0 0 0 0 0 0 0 0 0 0 0 0 0 0 0 0 0 0 0 0 0 0 0 0 0 0 0 0 0 0 0 0 0 0 0 0 0 0 0 0 0 0 0 0 0 0 0 0 0 0 0 0 0 0 0 0 0 0 0 0 0 0 0 0 0 0 0 0 0 0 0 0 0 0 0 0 0 0 0 0 0 0 0 0 0 0 0 0 0 0 0 0 0 0 0 0 0 0 0 0 0 0 0 0 0 0 0 0 0 0 0 0 0 0 0 0 0 0 0 0 0 0 0 0 0 0 0 0 0 0 0 0 0 0 0 0 0 0 0 0 0 0 0 0 0 0 0 0 0 0 0 0 0 0 0 0 0 0 0 0 0 0 0 0 0 0 0 0 0 0 0 0 0 0 0 0 0 0 0 0 0 0 0 0 0 0 0 0 0 0 0 0 0 0 0 0 0 0 0 0 0 0 0 0 0 0 0 0 0 0 0 0 0 0 0 0 0 0 0 0 0 0 0 0 0 0 0 0 0 0 0 0 0 0 0 0 0 0 0 0 0 0 0 0 0 0 0 0 0 0 0 0 0 0 0 0 0 0 0 0 0 0 0 0 0 0 0 0 0 0 0 0 0 0 0 0 0 0 0 0 0 0 0 0 0 0 0 0 0 0 0 0 0 0 0 0 0 0 0 0 0 0 0 0 0 0 0 0 0 0 0 0 0 0 0 0 0 0
2 16 17
2 16 17
2 18 19
2 18 19
2 20 21
2 20 21
2 22 23
2 22 23
2 24 25
2 24 25
2 26 27
2 26 27
2 28 29
2 28 29
2 30 31
2 30 31
2 32 33
1 33
2 34 35
1 34
2 36 37
1 37
2 38 39
1 38
2 40 41
1 41
2 42 43
1 42
2 44 45
1 45
2 46 47
1 46
2 48 49
2 48 49
2 50 51
2 50 51
2 52 53
2 52 53
2 54 55
2 54 55
2 56 57
2 56 57
2 58 59
2 58 59
2 60 61
2 60 61
2 62 63
2 62 63
2 64 65
1 65
2 66 67
1 67
2 68 69
1 68
2 70 71
1 70
2 72 73
1 73
2 74 75
1 75
2 76 77
1 76
2 78 79
1 78
2 80 81
2 82 83
2 84 85
2 86 87
2 80 81
2 82 83
2 84 85
2 86 87
2 88 89
2 90 91
2 92 93
2 94 95
2 88 89
2 90 91
2 92 93
2 94 95
2 96 97
1 97
2 98 99
1 99
2 100 101
1 101
2 102 103
1 103
2 104 105
1 104
4 106 107 106 107
2 106 106
2 108 109
1 108
4 110 111 110 111
2 110 110
2 112 113
2 112 113
2 114 115
2 114 115
2 116 117
2 116 117
2 118 119
2 118 119
2 120 121
2 120 121
2 122 123
2 122 123
2 124 125
2 124 125
2 126 127
2 126 127
2 128 129
1 129
2 130 131
1 131
2 132 133
1 133
2 134 135
1 135
2 136 137
1 136
2 138 139
1 138
2 140 141
1 140
2 142 143
1 142
2 144 145
2 146 147
2 148 149
2 150 151
2 152 153
2 154 155
2 156 157
2 158 159
2 144 145
2 146 147
2 148 149
2 150 151
2 152 153
2 154 155
2 156 157
2 158 159
2 160 161
1 161
2 162 163
1 163
2 164 165
1 165
2 166 167
1 167
2 168 169
1 169
2 170 171
1 171
2 172 173
1 173
2 174 175
1 175
2 176 177
2 178 179
2 180 181
2 182 183
2 184 185
2 186 187
2 188 189
2 190 191
2 176 177
2 178 179
2 180 181
2 182 183
2 184 185
2 186 187
2 188 189
2 190 191
2 192 193
1 193
2 194 195
1 195
2 196 197
1 197
2 198 199
1 199
2 200 201
1 201
2 202 203
1 203
2 204 205
1 205
2 206 207
1 207
2 208 209
2 210 211
2 212 213
2 214 215
2 216 217
2 218 219
2 220 221
2 222 223
2 208 209
2 210 211
2 212 213
2 214 215
2 216 217
2 218 219
2 220 221
2 222 223
2 224 225
1 225
2 226 227
1 227
2 228 229
1 229
2 230 231
1 231
2 232 233
1 233
2 234 235
1 235
2 236 237
1 237
2 238 239
1 239
2 304 305
2 306 307
2 308 309
2 310 311
2 312 313
2 314 315
2 316 317
2 318 319
2 304 305
2 306 307
2 308 309
2 310 311
2 312 313
2 314 315
2 316 317
2 318 319
0
0
0
0
0
0
0
0
0
0
0
0
0
0
0
0
2 272 273
2 272 273
2 274 275
2 274 275
2 276 277
2 276 277
2 278 279
2 278 279
2 280 281
2 280 281
2 282 283
2 282 283
2 284 285
2 284 285
2 286 287
2 286 287
2 288 289
1 288
2 290 291
1 290
2 292 293
1 292
2 294 295
1 294
2 296 297
1 296
2 298 299
1 298
2 300 301
1 300
2 302 303
1 302
2 304 305
2 304 305
2 306 307
2 306 307
2 308 309
2 308 309
2 310 311
2 310 311
2 312 313
2 312 313
2 314 315
2 314 315
2 316 317
2 316 317
2 318 319
2 318 319
2 320 321
2 321 320
2 322 323
2 323 322
2 324 325
2 325 324
2 326 327
2 327 326
2 328 329
2 329 328
2 330 331
2 331 330
2 332 333
2 333 332
2 334 335
2 335 334
0
0
0
0
0
0
0
0
0
0
0
0
0
0
0
0
0 a+ 1 1 0
1 a+ 1 1 0
2 a+ 1 1 0
3 a+ 1 1 0
4 a+ 1 1 0
5 a+ 1 1 0
6 a+ 1 1 0
7 a+ 1 1 0
8 a+ 1 1 0
9 a+ 1 1 0
10 a+ 1 1 0
11 a+ 1 1 0
12 a+ 1 1 0
13 a+ 1 1 0
14 a+ 1 1 0
15 a+ 1 1 0
16 a2 2 1 0
16 a1 1 0 0
17 a2 2 0 0
17 a1 1 1 0
18 a2 2 1 0
18 a1 1 0 0
19 a2 2 0 0
19 a1 1 1 0
20 a2 2 1 0
20 a1 1 0 0
21 a2 2 0 0
21 a1 1 1 0
22 a2 2 1 0
22 a1 1 0 0
23 a2 2 0 0
23 a1 1 1 0
24 a2 2 1 0
24 a1 1 0 0
25 a2 2 0 0
25 a1 1 1 0
26 a2 2 1 0
26 a1 1 0 0
27 a2 2 0 0
27 a1 1 1 0
28 a2 2 1 0
28 a1 1 0 0
29 a2 2 0 0
29 a1 1 1 0
30 a2 2 1 0
30 a1 1 0 0
31 a2 2 0 0
31 a1 1 1 0
32 a+ 1 1 0
33 a+ 1 1 0
34 a+ 1 1 0
35 a+ 1 1 0
36 a+ 1 1 0
37 a+ 1 1 0
38 a+ 1 1 0
39 a+ 1 1 0
40 a+ 1 1 0
41 a+ 1 1 0
42 a+ 1 1 0
43 a+ 1 1 0
44 a+ 1 1 0
45 a+ 1 1 0
46 a+ 1 1 0
47 a+ 1 1 0
48 a2 2 1 0
48 a1 1 0 0
49 a2 2 0 0
49 a1 1 1 0
50 a2 2 1 0
50 a1 1 0 0
51 a2 2 0 0
51 a1 1 1 0
52 a2 2 1 0
52 a1 1 0 0
53 a2 2 0 0
53 a1 1 1 0
54 a2 2 1 0
54 a1 1 0 0
55 a2 2 0 0
55 a1 1 1 0
56 a2 2 1 0
56 a1 1 0 0
57 a2 2 0 0
57 a1 1 1 0
58 a2 2 1 0
58 a1 1 0 0
59 a2 2 0 0
59 a1 1 1 0
60 a2 2 1 0
60 a1 1 0 0
61 a2 2 0 0
61 a1 1 1 0
62 a2 2 1 0
62 a1 1 0 0
63 a2 2 0 0
63 a1 1 1 0
64 a+ 1 1 0
65 a+ 1 1 0
66 a+ 1 1 0
67 a+ 1 1 0
68 a+ 1 1 0
69 a+ 1 1 0
70 a+ 1 1 0
71 a+ 1 1 0
72 a+ 1 1 0
73 a+ 1 1 0
74 a+ 1 1 0
75 a+ 1 1 0
76 a+ 1 1 0
77 a+ 1 1 0
78 a+ 1 1 0
79 a+ 1 1 0
80 a2 2 1 0
80 a1 1 0 0
81 a2 2 0 0
81 a1 1 1 0
82 a2 2 1 0
82 a1 1 0 0
83 a2 2 0 0
83 a1 1 1 0
84 a2 2 1 0
84 a1 1 0 0
85 a2 2 0 0
85 a1 1 1 0
86 a2 2 1 0
86 a1 1 0 0
87 a2 2 0 0
87 a1 1 1 0
88 a2 2 1 0
88 a1 1 0 0
89 a2 2 0 0
89 a1 1 1 0
90 a2 2 1 0
90 a1 1 0 0
91 a2 2 0 0
91 a1 1 1 0
92 a2 2 1 0
92 a1 1 0 0
93 a2 2 0 0
93 a1 1 1 0
94 a2 2 1 0
94 a1 1 0 0
95 a2 2 0 0
95 a1 1 1 0
96 a+ 1 1 0
97 a+ 1 1 0
98 a+ 1 1 0
99 a+ 1 1 0
100 a+ 1 1 0
101 a+ 1 1 0
102 a+ 1 1 0
103 a+ 1 1 0
104 a+ 1 1 0
105 a+ 1 1 0
106 a+ 1 1 0
107 a+ 1 1 0
108 a+ 1 1 0
109 a+ 1 1 0
110 a+ 1 1 0
111 a+ 1 1 0
112 a2 2 1 0
112 a1 1 0 0
113 a2 2 0 0
113 a1 1 1 0
114 a2 2 1 0
114 a1 1 0 0
115 a2 2 0 0
115 a1 1 1 0
116 a2 2 1 0
116 a1 1 0 0
117 a2 2 0 0
117 a1 1 1 0
118 a2 2 1 0
118 a1 1 0 0
119 a2 2 0 0
119 a1 1 1 0
120 a2 2 1 0
120 a1 1 0 0
121 a2 2 0 0
121 a1 1 1 0
122 a2 2 1 0
122 a1 1 0 0
123 a2 2 0 0
123 a1 1 1 0
124 a2 2 1 0
124 a1 1 0 0
125 a2 2 0 0
125 a1 1 1 0
126 a2 2 1 0
126 a1 1 0 0
127 a2 2 0 0
127 a1 1 1 0
128 a+ 1 1 0
129 a+ 1 1 0
130 a+ 1 1 0
131 a+ 1 1 0
132 a+ 1 1 0
133 a+ 1 1 0
134 a+ 1 1 0
135 a+ 1 1 0
136 a+ 1 1 0
137 a+ 1 1 0
138 a+ 1 1 0
139 a+ 1 1 0
140 a+ 1 1 0
141 a+ 1 1 0
142 a+ 1 1 0
143 a+ 1 1 0
144 a2 2 1 0
144 a1 1 0 0
145 a2 2 0 0
145 a1 1 1 0
146 a2 2 1 0
146 a1 1 0 0
147 a2 2 0 0
147 a1 1 1 0
148 a2 2 1 0
148 a1 1 0 0
149 a2 2 0 0
149 a1 1 1 0
150 a2 2 1 0
150 a1 1 0 0
151 a2 2 0 0
151 a1 1 1 0
152 a2 2 1 0
152 a1 1 0 0
153 a2 2 0 0
153 a1 1 1 0
154 a2 2 1 0
154 a1 1 0 0
155 a2 2 0 0
155 a1 1 1 0
156 a2 2 1 0
156 a1 1 0 0
157 a2 2 0 0
157 a1 1 1 0
158 a2 2 1 0
158 a1 1 0 0
159 a2 2 0 0
159 a1 1 1 0
160 a+ 1 1 0
161 a+ 1 1 0
162 a+ 1 1 0
163 a+ 1 1 0
164 a+ 1 1 0
165 a+ 1 1 0
166 a+ 1 1 0
167 a+ 1 1 0
168 a+ 1 1 0
169 a+ 1 1 0
170 a+ 1 1 0
171 a+ 1 1 0
172 a+ 1 1 0
173 a+ 1 1 0
174 a+ 1 1 0
175 a+ 1 1 0
176 a2 2 1 0
176 a1 1 0 0
177 a2 2 0 0
177 a1 1 1 0
178 a2 2 1 0
178 a1 1 0 0
179 a2 2 0 0
179 a1 1 1 0
180 a2 2 1 0
180 a1 1 0 0
181 a2 2 0 0
181 a1 1 1 0
182 a2 2 1 0
182 a1 1 0 0
183 a2 2 0 0
183 a1 1 1 0
184 a2 2 1 0
184 a1 1 0 0
185 a2 2 0 0
185 a1 1 1 0
186 a2 2 1 0
186 a1 1 0 0
187 a2 2 0 0
187 a1 1 1 0
188 a2 2 1 0
188 a1 1 0 0
189 a2 2 0 0
189 a1 1 1 0
190 a2 2 1 0
190 a1 1 0 0
191 a2 2 0 0
191 a1 1 1 0
192 a+ 1 1 0
193 a+ 1 1 0
194 a+ 1 1 0
195 a+ 1 1 0
196 a+ 1 1 0
197 a+ 1 1 0
198 a+ 1 1 0
199 a+ 1 1 0
200 a+ 1 1 0
201 a+ 1 1 0
202 a+ 1 1 0
203 a+ 1 1 0
204 a+ 1 1 0
205 a+ 1 1 0
206 a+ 1 1 0
207 a+ 1 1 0
208 a2 2 1 0
208 a1 1 0 0
209 a2 2 0 0
209 a1 1 1 0
210 a2 2 1 0
210 a1 1 0 0
211 a2 2 0 0
211 a1 1 1 0
212 a2 2 1 0
212 a1 1 0 0
213 a2 2 0 0
213 a1 1 1 0
214 a2 2 1 0
214 a1 1 0 0
215 a2 2 0 0
215 a1 1 1 0
216 a2 2 1 0
216 a1 1 0 0
217 a2 2 0 0
217 a1 1 1 0
218 a2 2 1 0
218 a1 1 0 0
219 a2 2 0 0
219 a1 1 1 0
220 a2 2 1 0
220 a1 1 0 0
221 a2 2 0 0
221 a1 1 1 0
222 a2 2 1 0
222 a1 1 0 0
223 a2 2 0 0
223 a1 1 1 0
224 a+ 1 1 0
225 a+ 1 1 0
226 a+ 1 1 0
227 a+ 1 1 0
228 a+ 1 1 0
229 a+ 1 1 0
230 a+ 1 1 0
231 a+ 1 1 0
232 a+ 1 1 0
233 a+ 1 1 0
234 a+ 1 1 0
235 a+ 1 1 0
236 a+ 1 1 0
237 a+ 1 1 0
238 a+ 1 1 0
239 a+ 1 1 0
256 a+ 1 1 0
257 a+ 1 1 0
258 a+ 1 1 0
259 a+ 1 1 0
260 a+ 1 1 0
261 a+ 1 1 0
262 a+ 1 1 0
263 a+ 1 1 0
264 a+ 1 1 0
265 a+ 1 1 0
266 a+ 1 1 0
267 a+ 1 1 0
268 a+ 1 1 0
269 a+ 1 1 0
270 a+ 1 1 0
271 a+ 1 1 0
272 a2 2 1 0
272 a1 1 0 0
273 a2 2 0 0
273 a1 1 1 0
274 a2 2 1 0
274 a1 1 0 0
275 a2 2 0 0
275 a1 1 1 0
276 a2 2 1 0
276 a1 1 0 0
277 a2 2 0 0
277 a1 1 1 0
278 a2 2 1 0
278 a1 1 0 0
279 a2 2 0 0
279 a1 1 1 0
280 a2 2 1 0
280 a1 1 0 0
281 a2 2 0 0
281 a1 1 1 0
282 a2 2 1 0
282 a1 1 0 0
283 a2 2 0 0
283 a1 1 1 0
284 a2 2 1 0
284 a1 1 0 0
285 a2 2 0 0
285 a1 1 1 0
286 a2 2 1 0
286 a1 1 0 0
287 a2 2 0 0
287 a1 1 1 0
288 a+ 1 1 0
289 a+ 1 1 0
290 a+ 1 1 0
291 a+ 1 1 0
292 a+ 1 1 0
293 a+ 1 1 0
294 a+ 1 1 0
295 a+ 1 1 0
296 a+ 1 1 0
297 a+ 1 1 0
298 a+ 1 1 0
299 a+ 1 1 0
300 a+ 1 1 0
301 a+ 1 1 0
302 a+ 1 1 0
303 a+ 1 1 0
304 a2 2 1 0
304 a1 1 0 0
305 a2 2 0 0
305 a1 1 1 0
306 a2 2 1 0
306 a1 1 0 0
307 a2 2 0 0
307 a1 1 1 0
308 a2 2 1 0
308 a1 1 0 0
309 a2 2 0 0
309 a1 1 1 0
310 a2 2 1 0
310 a1 1 0 0
311 a2 2 0 0
311 a1 1 1 0
312 a2 2 1 0
312 a1 1 0 0
313 a2 2 0 0
313 a1 1 1 0
314 a2 2 1 0
314 a1 1 0 0
315 a2 2 0 0
315 a1 1 1 0
316 a2 2 1 0
316 a1 1 0 0
317 a2 2 0 0
317 a1 1 1 0
318 a2 2 1 0
318 a1 1 0 0
319 a2 2 0 0
319 a1 1 1 0
