992
1376
100
3 11 19 5 8 2 21 14 15 23 23 7 16 8 21 13 13 5 24 18 6 23 1 2 19 24 22 21 1 4 23 7 0 0 0 0 0 0 0 0 0 0 0 0 0 0 0 0 0 0 0 0 0 0 0 0 0 0 0 0 0 0 0 0 0 0 0 0 0 0 0 0 0 0 0 0 0 0 0 0 0 0 0 0 0 0 0 0 0 0 0 0 0 0 0 0 0 0 0 0 0 0 0 0 0 0 0 0 0 0 0 0 0 0 0 0 0 0 0 0 0 0 0 0 0 0 0 0 0 0 0 0 0 0 0 0 0 0 0 0 0 0 0 0 0 0 0 0 0 0 0 0 0 0 0 0 0 0 0 0 0 0 0 0 0 0 0 0 0 0 0 0 0 0 0 0 0 0 0 0 0 0 0 0 0 0 0 0 0 0 0 0 0 0 0 0 0 0 0 0 0 0 0 0 0 0 0 0 0 0 0 0 0 0 0 0 0 0 0 0 0 0 0 0 0 0 0 0 0 0 0 0 0 0 0 0 0 0 0 0 0 0 0 0 0 0 0 0 0 0 0 0 0 0 0 0 0 0 0 0 0 0 0 0 0 0 0 0 0 0 0 0 0 0 0 0 0 0 0 0 0 0 0 0 0 0 0 0 0 0 0 0 0 0 0 0 0 0 0 0 0 0 0 0 0 0 0 0 0 0 0 0 0 0 0 0 0 0 0 0 0 0 0 0 0 0 0 0 0 0 0 0 0 0 0 0 0 0 0 0 0 0 0 0 0 0 0 0 0 0 0 0 0 0 0 0 0 0 0 0 0 0 0 0 0 0 0 0 0 0 0 0 0 0 0 0 0 0 0 0 0 0 0 0 0 0 0 0 0 0 0 0 0 0 0 0 0 0 0 0 0 0 0 0 0 0 0 0 0 0 0 0 0 0 0 0 0 0 0 0 0 0 0 0 0 0 0 0 0 0 0 0 0 0 0 0 0 0 0 0 0 0 0 0 0 0 0 0 0 0 0 0 0 0 0 0 0 0 0 0 0 0 0 0 0 0 0 0 0 0 0 0 0 0 0 0 0 0 0 0 0 0 0 0 0 0 0 0 0 0 0 0 0 0 0 0 0 0 0 0 0 0 0 0 0 0 0 0 0 0 0 0 0 0 0 0 0 0 0 0 0 0 0 0 0 0 0 0 0 0 0 0 0 0 0 0 0 0 0 0 0 0 0 0 0 0 0 0 0 0 0 0 0 0 0 0 0 0 0 0 0 0 0 0 0 0 0 0 0 0 0 0 0 0 0 0 0 0 0 0 0 0 0 0 0 0 0 0 0 0 0 0 0 0 0 0 0 0 0 0 0 0 0 0 0 0 0 0 0 0 0 0 0 0 0 0 0 0 0 0 0 0 0 0 0 0 0 0 0 0 0 0 0 0 0 0 0 0 0 0 0 0 0 0 0 0 0 0 0 0 0 0 0 0 0 0 0 0 0 0 0 0 0 0 0 0 0 0 0 0 0 0 0 0 0 0 0 0 0 0 0 0 0 0 0 0 0 0 0 0 0 0 0 0 0 0 0 0 0 0 0 0 0 0 0 0 0 0 0 0 0 0 0 0 0 0 0 0 0 0 0 0 0 0 0 0 0 0 0 0 0 0 0 0 0 0 0 0 0 0 0 0 0 0 0 0 0 0 0 0 0 0 0 0 0 0 0 0 0 0 0 0 0 0 0 0 0 0 0 0 0 0 0 0 0 0 0 0 0 0 0 0 0 0 0 0 0 0 0 0 0 0 0 0 0 0 0 0 0 0 0 0 0 0 0 0 0 0 0 0 0 0 0 0 0 0 0 0 0 0 0 0 0 0 0 0 0 0 0 0 0 0 0 0 0 0 0 0 0 0 0 0 0 0 0 0 0 0 0 0 0 0 0 0 0 0 0 0 0 0 0 0 0 0 0 0 0 0 0 0 0 0 0 0 0 0 0 0 0 0 0 0 0 0 0 0 0 0 0 0 0 0 0 0 0 0 0 0 0 0 0 0 0 0 0 0 0 0 0 0 0 0 0 0 0 0 0 0 0 0 0 0 0 0 0 0 0 0 0 0 0 0 0 0 0 0 0 0 0 0 0 0 0 0 0 0 0 0 0 0 0 0 0 0 0 0 0 0 0 0 0 0 0 0 0 0 0 0 0 0 0 0 0 0 0 0 0 0 0 0 0 0 0 0 0 0 0 0 0 0 0 0
2 32 33
2 32 33
2 34 35
2 34 35
2 36 37
2 36 37
2 38 39
2 38 39
2 40 41
2 40 41
2 42 43
2 42 43
2 44 45
2 44 45
2 46 47
2 46 47
2 48 49
2 48 49
2 50 51
2 50 51
2 52 53
2 52 53
2 54 55
2 54 55
2 56 57
2 56 57
2 58 59
2 58 59
2 60 61
2 60 61
2 62 63
2 62 63
2 64 65
1 65
2 66 67
1 66
2 68 69
1 69
2 70 71
1 70
2 72 73
1 73
2 74 75
1 74
2 76 77
1 77
2 78 79
1 78
2 80 81
1 81
2 82 83
1 82
2 84 85
1 85
2 86 87
1 86
2 88 89
1 89
2 90 91
1 90
2 92 93
1 93
2 94 95
1 94
2 96 97
2 96 97
2 98 99
2 98 99
2 100 101
2 100 101
2 102 103
2 102 103
2 104 105
2 104 105
2 106 107
2 106 107
2 108 109
2 108 109
2 110 111
2 110 111
2 112 113
2 112 113
2 114 115
2 114 115
2 116 117
2 116 117
2 118 119
2 118 119
2 120 121
2 120 121
2 122 123
2 122 123
2 124 125
2 124 125
2 126 127
2 126 127
2 128 129
1 129
2 130 131
1 131
2 132 133
1 132
2 134 135
1 134
2 136 137
1 137
2 138 139
1 139
2 140 141
1 140
2 142 143
1 142
2 144 145
1 145
2 146 147
1 147
2 148 149
1 148
2 150 151
1 150
2 152 153
1 153
2 154 155
1 155
2 156 157
1 156
2 158 159
1 158
2 160 161
2 162 163
2 164 165
2 166 167
2 160 161
2 162 163
2 164 165
2 166 167
2 168 169
2 170 171
2 172 173
2 174 175
2 168 169
2 170 171
2 172 173
2 174 175
2 176 177
2 178 179
2 180 181
2 182 183
2 176 177
2 178 179
2 180 181
2 182 183
2 184 185
2 186 187
2 188 189
2 190 191
2 184 185
2 186 187
2 188 189
2 190 191
2 192 193
1 193
2 194 195
1 195
2 196 197
1 197
2 198 199
1 199
2 200 201
1 200
4 202 203 202 203
2 202 202
2 204 205
1 204
4 206 207 206 207
2 206 206
2 208 209
1 209
2 210 211
1 211
2 212 213
1 213
2 214 215
1 215
2 216 217
1 216
4 218 219 218 219
2 218 218
2 220 221
1 220
4 222 223 222 223
2 222 222
2 224 225
2 224 225
2 226 227
2 226 227
2 228 229
2 228 229
2 230 231
2 230 231
2 232 233
2 232 233
2 234 235
2 234 235
2 236 237
2 236 237
2 238 239
2 238 239
2 240 241
2 240 241
2 242 243
2 242 243
2 244 245
2 244 245
2 246 247
2 246 247
2 248 249
2 248 249
2 250 251
2 250 251
2 252 253
2 252 253
2 254 255
2 254 255
2 256 257
1 257
2 258 259
1 259
2 260 261
1 261
2 262 263
1 263
2 264 265
1 264
2 266 267
1 266
2 268 269
1 268
2 270 271
1 270
2 272 273
1 273
2 274 275
1 275
2 276 277
1 277
2 278 279
1 279
2 280 281
1 280
2 282 283
1 282
2 284 285
1 284
2 286 287
1 286
2 288 289
2 290 291
2 292 293
2 294 295
2 296 297
2 298 299
2 300 301
2 302 303
2 288 289
2 290 291
2 292 293
2 294 295
2 296 297
2 298 299
2 300 301
2 302 303
2 304 305
2 306 307
2 308 309
2 310 311
2 312 313
2 314 315
2 316 317
2 318 319
2 304 305
2 306 307
2 308 309
2 310 311
2 312 313
2 314 315
2 316 317
2 318 319
2 320 321
1 321
2 322 323
1 323
2 324 325
1 325
2 326 327
1 327
2 328 329
1 329
2 330 331
1 331
2 332 333
1 333
2 334 335
1 335
2 336 337
1 336
4 338 339 338 339
2 338 338
2 340 341
1 340
4 342 343 342 343
2 342 342
2 344 345
1 344
4 346 347 346 347
2 346 346
2 348 349
1 348
4 350 351 350 351
2 350 350
2 352 353
2 354 355
2 356 357
2 358 359
2 360 361
2 362 363
2 364 365
2 366 367
2 352 353
2 354 355
2 356 357
2 358 359
2 360 361
2 362 363
2 364 365
2 366 367
2 368 369
2 370 371
2 372 373
2 374 375
2 376 377
2 378 379
2 380 381
2 382 383
2 368 369
2 370 371
2 372 373
2 374 375
2 376 377
2 378 379
2 380 381
2 382 383
2 384 385
1 385
2 386 387
1 387
2 388 389
1 389
2 390 391
1 391
2 392 393
1 393
2 394 395
1 395
2 396 397
1 397
2 398 399
1 399
2 400 401
1 400
4 402 403 402 403
2 402 402
2 404 405
1 404
4 406 407 406 407
2 406 406
2 408 409
1 408
4 410 411 410 411
2 410 410
2 412 413
1 412
4 414 415 414 415
2 414 414
2 416 417
2 416 417
2 418 419
2 418 419
2 420 421
2 420 421
2 422 423
2 422 423
2 424 425
2 424 425
2 426 427
2 426 427
2 428 429
2 428 429
2 430 431
2 430 431
2 432 433
2 432 433
2 434 435
2 434 435
2 436 437
2 436 437
2 438 439
2 438 439
2 440 441
2 440 441
2 442 443
2 442 443
2 444 445
2 444 445
2 446 447
2 446 447
2 448 449
1 449
2 450 451
1 451
2 452 453
1 453
2 454 455
1 455
2 456 457
1 457
2 458 459
1 459
2 460 461
1 461
2 462 463
1 463
2 464 465
1 464
2 466 467
1 466
2 468 469
1 468
2 470 471
1 470
2 472 473
1 472
2 474 475
1 474
2 476 477
1 476
2 478 479
1 478
2 480 481
2 482 483
2 484 485
2 486 487
2 488 489
2 490 491
2 492 493
2 494 495
2 496 497
2 498 499
2 500 501
2 502 503
2 504 505
2 506 507
2 508 509
2 510 511
2 480 481
2 482 483
2 484 485
2 486 487
2 488 489
2 490 491
2 492 493
2 494 495
2 496 497
2 498 499
2 500 501
2 502 503
2 504 505
2 506 507
2 508 509
2 510 511
2 512 513
1 513
2 514 515
1 515
2 516 517
1 517
2 518 519
1 519
2 520 521
1 521
2 522 523
1 523
2 524 525
1 525
2 526 527
1 527
2 528 529
1 529
2 530 531
1 531
2 532 533
1 533
2 534 535
1 535
2 536 537
1 537
2 538 539
1 539
2 540 541
1 541
2 542 543
1 543
2 544 545
2 546 547
2 548 549
2 550 551
2 552 553
2 554 555
2 556 557
2 558 559
2 560 561
2 562 563
2 564 565
2 566 567
2 568 569
2 570 571
2 572 573
2 574 575
2 544 545
2 546 547
2 548 549
2 550 551
2 552 553
2 554 555
2 556 557
2 558 559
2 560 561
2 562 563
2 564 565
2 566 567
2 568 569
2 570 571
2 572 573
2 574 575
2 576 577
1 577
2 578 579
1 579
2 580 581
1 581
2 582 583
1 583
2 584 585
1 585
2 586 587
1 587
2 588 589
1 589
2 590 591
1 591
2 592 593
1 593
2 594 595
1 595
2 596 597
1 597
2 598 599
1 599
2 600 601
1 601
2 602 603
1 603
2 604 605
1 605
2 606 607
1 607
2 608 609
2 610 611
2 612 613
2 614 615
2 616 617
2 618 619
2 620 621
2 622 623
2 624 625
2 626 627
2 628 629
2 630 631
2 632 633
2 634 635
2 636 637
2 638 639
2 608 609
2 610 611
2 612 613
2 614 615
2 616 617
2 618 619
2 620 621
2 622 623
2 624 625
2 626 627
2 628 629
2 630 631
2 632 633
2 634 635
2 636 637
2 638 639
2 640 641
1 641
2 642 643
1 643
2 644 645
1 645
2 646 647
1 647
2 648 649
1 649
2 650 651
1 651
2 652 653
1 653
2 654 655
1 655
2 656 657
1 657
2 658 659
1 659
2 660 661
1 661
2 662 663
1 663
2 664 665
1 665
2 666 667
1 667
2 668 669
1 669
2 670 671
1 671
2 672 673
2 674 675
2 676 677
2 678 679
2 680 681
2 682 683
2 684 685
2 686 687
2 688 689
2 690 691
2 692 693
2 694 695
2 696 697
2 698 699
2 700 701
2 702 703
2 672 673
2 674 675
2 676 677
2 678 679
2 680 681
2 682 683
2 684 685
2 686 687
2 688 689
2 690 691
2 692 693
2 694 695
2 696 697
2 698 699
2 700 701
2 702 703
2 704 705
1 705
2 706 707
1 707
2 708 709
1 709
2 710 711
1 711
2 712 713
1 713
2 714 715
1 715
2 716 717
1 717
2 718 719
1 719
2 720 721
1 721
2 722 723
1 723
2 724 725
1 725
2 726 727
1 727
2 728 729
1 729
2 730 731
1 731
2 732 733
1 733
2 734 735
1 735
2 928 929
2 930 931
2 932 933
2 934 935
2 936 937
2 938 939
2 940 941
2 942 943
2 944 945
2 946 947
2 948 949
2 950 951
2 952 953
2 954 955
2 956 957
2 958 959
2 928 929
2 930 931
2 932 933
2 934 935
2 936 937
2 938 939
2 940 941
2 942 943
2 944 945
2 946 947
2 948 949
2 950 951
2 952 953
2 954 955
2 956 957
2 958 959
0
0
0
0
0
0
0
0
0
0
0
0
0
0
0
0
0
0
0
0
0
0
0
0
0
0
0
0
0
0
0
0
2 800 801
2 800 801
2 802 803
2 802 803
2 804 805
2 804 805
2 806 807
2 806 807
2 808 809
2 808 809
2 810 811
2 810 811
2 812 813
2 812 813
2 814 815
2 814 815
2 816 817
2 816 817
2 818 819
2 818 819
2 820 821
2 820 821
2 822 823
2 822 823
2 824 825
2 824 825
2 826 827
2 826 827
2 828 829
2 828 829
2 830 831
2 830 831
2 832 833
1 832
2 834 835
1 834
2 836 837
1 836
2 838 839
1 838
2 840 841
1 840
2 842 843
1 842
2 844 845
1 844
2 846 847
1 846
2 848 849
1 848
2 850 851
1 850
2 852 853
1 852
2 854 855
1 854
2 856 857
1 856
2 858 859
1 858
2 860 861
1 860
2 862 863
1 862
2 864 865
2 864 865
2 866 867
2 866 867
2 868 869
2 868 869
2 870 871
2 870 871
2 872 873
2 872 873
2 874 875
2 874 875
2 876 877
2 876 877
2 878 879
2 878 879
2 880 881
2 880 881
2 882 883
2 882 883
2 884 885
2 884 885
2 886 887
2 886 887
2 888 889
2 888 889
2 890 891
2 890 891
2 892 893
2 892 893
2 894 895
2 894 895
2 896 897
1 896
2 898 899
1 898
2 900 901
1 900
2 902 903
1 902
2 904 905
1 904
2 906 907
1 906
2 908 909
1 908
2 910 911
1 910
2 912 913
1 912
2 914 915
1 914
2 916 917
1 916
2 918 919
1 918
2 920 921
1 920
2 922 923
1 922
2 924 925
1 924
2 926 927
1 926
2 928 929
2 928 929
2 930 931
2 930 931
2 932 933
2 932 933
2 934 935
2 934 935
2 936 937
2 936 937
2 938 939
2 938 939
2 940 941
2 940 941
2 942 943
2 942 943
2 944 945
2 944 945
2 946 947
2 946 947
2 948 949
2 948 949
2 950 951
2 950 951
2 952 953
2 952 953
2 954 955
2 954 955
2 956 957
2 956 957
2 958 959
2 958 959
2 960 961
2 961 960
2 962 963
2 963 962
2 964 965
2 965 964
2 966 967
2 967 966
2 968 969
2 969 968
2 970 971
2 971 970
2 972 973
2 973 972
2 974 975
2 975 974
2 976 977
2 977 976
2 978 979
2 979 978
2 980 981
2 981 980
2 982 983
2 983 982
2 984 985
2 985 984
2 986 987
2 987 986
2 988 989
2 989 988
2 990 991
2 991 990
0
0
0
0
0
0
0
0
0
0
0
0
0
0
0
0
0
0
0
0
0
0
0
0
0
0
0
0
0
0
0
0
0 a+ 1 1 0
1 a+ 1 1 0
2 a+ 1 1 0
3 a+ 1 1 0
4 a+ 1 1 0
5 a+ 1 1 0
6 a+ 1 1 0
7 a+ 1 1 0
8 a+ 1 1 0
9 a+ 1 1 0
10 a+ 1 1 0
11 a+ 1 1 0
12 a+ 1 1 0
13 a+ 1 1 0
14 a+ 1 1 0
15 a+ 1 1 0
16 a+ 1 1 0
17 a+ 1 1 0
18 a+ 1 1 0
19 a+ 1 1 0
20 a+ 1 1 0
21 a+ 1 1 0
22 a+ 1 1 0
23 a+ 1 1 0
24 a+ 1 1 0
25 a+ 1 1 0
26 a+ 1 1 0
27 a+ 1 1 0
28 a+ 1 1 0
29 a+ 1 1 0
30 a+ 1 1 0
31 a+ 1 1 0
32 a2 2 1 0
32 a1 1 0 0
33 a2 2 0 0
33 a1 1 1 0
34 a2 2 1 0
34 a1 1 0 0
35 a2 2 0 0
35 a1 1 1 0
36 a2 2 1 0
36 a1 1 0 0
37 a2 2 0 0
37 a1 1 1 0
38 a2 2 1 0
38 a1 1 0 0
39 a2 2 0 0
39 a1 1 1 0
40 a2 2 1 0
40 a1 1 0 0
41 a2 2 0 0
41 a1 1 1 0
42 a2 2 1 0
42 a1 1 0 0
43 a2 2 0 0
43 a1 1 1 0
44 a2 2 1 0
44 a1 1 0 0
45 a2 2 0 0
45 a1 1 1 0
46 a2 2 1 0
46 a1 1 0 0
47 a2 2 0 0
47 a1 1 1 0
48 a2 2 1 0
48 a1 1 0 0
49 a2 2 0 0
49 a1 1 1 0
50 a2 2 1 0
50 a1 1 0 0
51 a2 2 0 0
51 a1 1 1 0
52 a2 2 1 0
52 a1 1 0 0
53 a2 2 0 0
53 a1 1 1 0
54 a2 2 1 0
54 a1 1 0 0
55 a2 2 0 0
55 a1 1 1 0
56 a2 2 1 0
56 a1 1 0 0
57 a2 2 0 0
57 a1 1 1 0
58 a2 2 1 0
58 a1 1 0 0
59 a2 2 0 0
59 a1 1 1 0
60 a2 2 1 0
60 a1 1 0 0
61 a2 2 0 0
61 a1 1 1 0
62 a2 2 1 0
62 a1 1 0 0
63 a2 2 0 0
63 a1 1 1 0
64 a+ 1 1 0
65 a+ 1 1 0
66 a+ 1 1 0
67 a+ 1 1 0
68 a+ 1 1 0
69 a+ 1 1 0
70 a+ 1 1 0
71 a+ 1 1 0
72 a+ 1 1 0
73 a+ 1 1 0
74 a+ 1 1 0
75 a+ 1 1 0
76 a+ 1 1 0
77 a+ 1 1 0
78 a+ 1 1 0
79 a+ 1 1 0
80 a+ 1 1 0
81 a+ 1 1 0
82 a+ 1 1 0
83 a+ 1 1 0
84 a+ 1 1 0
85 a+ 1 1 0
86 a+ 1 1 0
87 a+ 1 1 0
88 a+ 1 1 0
89 a+ 1 1 0
90 a+ 1 1 0
91 a+ 1 1 0
92 a+ 1 1 0
93 a+ 1 1 0
94 a+ 1 1 0
95 a+ 1 1 0
96 a2 2 1 0
96 a1 1 0 0
97 a2 2 0 0
97 a1 1 1 0
98 a2 2 1 0
98 a1 1 0 0
99 a2 2 0 0
99 a1 1 1 0
100 a2 2 1 0
100 a1 1 0 0
101 a2 2 0 0
101 a1 1 1 0
102 a2 2 1 0
102 a1 1 0 0
103 a2 2 0 0
103 a1 1 1 0
104 a2 2 1 0
104 a1 1 0 0
105 a2 2 0 0
105 a1 1 1 0
106 a2 2 1 0
106 a1 1 0 0
107 a2 2 0 0
107 a1 1 1 0
108 a2 2 1 0
108 a1 1 0 0
109 a2 2 0 0
109 a1 1 1 0
110 a2 2 1 0
110 a1 1 0 0
111 a2 2 0 0
111 a1 1 1 0
112 a2 2 1 0
112 a1 1 0 0
113 a2 2 0 0
113 a1 1 1 0
114 a2 2 1 0
114 a1 1 0 0
115 a2 2 0 0
115 a1 1 1 0
116 a2 2 1 0
116 a1 1 0 0
117 a2 2 0 0
117 a1 1 1 0
118 a2 2 1 0
118 a1 1 0 0
119 a2 2 0 0
119 a1 1 1 0
120 a2 2 1 0
120 a1 1 0 0
121 a2 2 0 0
121 a1 1 1 0
122 a2 2 1 0
122 a1 1 0 0
123 a2 2 0 0
123 a1 1 1 0
124 a2 2 1 0
124 a1 1 0 0
125 a2 2 0 0
125 a1 1 1 0
126 a2 2 1 0
126 a1 1 0 0
127 a2 2 0 0
127 a1 1 1 0
128 a+ 1 1 0
129 a+ 1 1 0
130 a+ 1 1 0
131 a+ 1 1 0
132 a+ 1 1 0
133 a+ 1 1 0
134 a+ 1 1 0
135 a+ 1 1 0
136 a+ 1 1 0
137 a+ 1 1 0
138 a+ 1 1 0
139 a+ 1 1 0
140 a+ 1 1 0
141 a+ 1 1 0
142 a+ 1 1 0
143 a+ 1 1 0
144 a+ 1 1 0
145 a+ 1 1 0
146 a+ 1 1 0
147 a+ 1 1 0
148 a+ 1 1 0
149 a+ 1 1 0
150 a+ 1 1 0
151 a+ 1 1 0
152 a+ 1 1 0
153 a+ 1 1 0
154 a+ 1 1 0
155 a+ 1 1 0
156 a+ 1 1 0
157 a+ 1 1 0
158 a+ 1 1 0
159 a+ 1 1 0
160 a2 2 1 0
160 a1 1 0 0
161 a2 2 0 0
161 a1 1 1 0
162 a2 2 1 0
162 a1 1 0 0
163 a2 2 0 0
163 a1 1 1 0
164 a2 2 1 0
164 a1 1 0 0
165 a2 2 0 0
165 a1 1 1 0
166 a2 2 1 0
166 a1 1 0 0
167 a2 2 0 0
167 a1 1 1 0
168 a2 2 1 0
168 a1 1 0 0
169 a2 2 0 0
169 a1 1 1 0
170 a2 2 1 0
170 a1 1 0 0
171 a2 2 0 0
171 a1 1 1 0
172 a2 2 1 0
172 a1 1 0 0
173 a2 2 0 0
173 a1 1 1 0
174 a2 2 1 0
174 a1 1 0 0
175 a2 2 0 0
175 a1 1 1 0
176 a2 2 1 0
176 a1 1 0 0
177 a2 2 0 0
177 a1 1 1 0
178 a2 2 1 0
178 a1 1 0 0
179 a2 2 0 0
179 a1 1 1 0
180 a2 2 1 0
180 a1 1 0 0
181 a2 2 0 0
181 a1 1 1 0
182 a2 2 1 0
182 a1 1 0 0
183 a2 2 0 0
183 a1 1 1 0
184 a2 2 1 0
184 a1 1 0 0
185 a2 2 0 0
185 a1 1 1 0
186 a2 2 1 0
186 a1 1 0 0
187 a2 2 0 0
187 a1 1 1 0
188 a2 2 1 0
188 a1 1 0 0
189 a2 2 0 0
189 a1 1 1 0
190 a2 2 1 0
190 a1 1 0 0
191 a2 2 0 0
191 a1 1 1 0
192 a+ 1 1 0
193 a+ 1 1 0
194 a+ 1 1 0
195 a+ 1 1 0
196 a+ 1 1 0
197 a+ 1 1 0
198 a+ 1 1 0
199 a+ 1 1 0
200 a+ 1 1 0
201 a+ 1 1 0
202 a+ 1 1 0
203 a+ 1 1 0
204 a+ 1 1 0
205 a+ 1 1 0
206 a+ 1 1 0
207 a+ 1 1 0
208 a+ 1 1 0
209 a+ 1 1 0
210 a+ 1 1 0
211 a+ 1 1 0
212 a+ 1 1 0
213 a+ 1 1 0
214 a+ 1 1 0
215 a+ 1 1 0
216 a+ 1 1 0
217 a+ 1 1 0
218 a+ 1 1 0
219 a+ 1 1 0
220 a+ 1 1 0
221 a+ 1 1 0
222 a+ 1 1 0
223 a+ 1 1 0
224 a2 2 1 0
224 a1 1 0 0
225 a2 2 0 0
225 a1 1 1 0
226 a2 2 1 0
226 a1 1 0 0
227 a2 2 0 0
227 a1 1 1 0
228 a2 2 1 0
228 a1 1 0 0
229 a2 2 0 0
229 a1 1 1 0
230 a2 2 1 0
230 a1 1 0 0
231 a2 2 0 0
231 a1 1 1 0
232 a2 2 1 0
232 a1 1 0 0
233 a2 2 0 0
233 a1 1 1 0
234 a2 2 1 0
234 a1 1 0 0
235 a2 2 0 0
235 a1 1 1 0
236 a2 2 1 0
236 a1 1 0 0
237 a2 2 0 0
237 a1 1 1 0
238 a2 2 1 0
238 a1 1 0 0
239 a2 2 0 0
239 a1 1 1 0
240 a2 2 1 0
240 a1 1 0 0
241 a2 2 0 0
241 a1 1 1 0
242 a2 2 1 0
242 a1 1 0 0
243 a2 2 0 0
243 a1 1 1 0
244 a2 2 1 0
244 a1 1 0 0
245 a2 2 0 0
245 a1 1 1 0
246 a2 2 1 0
246 a1 1 0 0
247 a2 2 0 0
247 a1 1 1 0
248 a2 2 1 0
248 a1 1 0 0
249 a2 2 0 0
249 a1 1 1 0
250 a2 2 1 0
250 a1 1 0 0
251 a2 2 0 0
251 a1 1 1 0
252 a2 2 1 0
252 a1 1 0 0
253 a2 2 0 0
253 a1 1 1 0
254 a2 2 1 0
254 a1 1 0 0
255 a2 2 0 0
255 a1 1 1 0
256 a+ 1 1 0
257 a+ 1 1 0
258 a+ 1 1 0
259 a+ 1 1 0
260 a+ 1 1 0
261 a+ 1 1 0
262 a+ 1 1 0
263 a+ 1 1 0
264 a+ 1 1 0
265 a+ 1 1 0
266 a+ 1 1 0
267 a+ 1 1 0
268 a+ 1 1 0
269 a+ 1 1 0
270 a+ 1 1 0
271 a+ 1 1 0
272 a+ 1 1 0
273 a+ 1 1 0
274 a+ 1 1 0
275 a+ 1 1 0
276 a+ 1 1 0
277 a+ 1 1 0
278 a+ 1 1 0
279 a+ 1 1 0
280 a+ 1 1 0
281 a+ 1 1 0
282 a+ 1 1 0
283 a+ 1 1 0
284 a+ 1 1 0
285 a+ 1 1 0
286 a+ 1 1 0
287 a+ 1 1 0
288 a2 2 1 0
288 a1 1 0 0
289 a2 2 0 0
289 a1 1 1 0
290 a2 2 1 0
290 a1 1 0 0
291 a2 2 0 0
291 a1 1 1 0
292 a2 2 1 0
292 a1 1 0 0
293 a2 2 0 0
293 a1 1 1 0
294 a2 2 1 0
294 a1 1 0 0
295 a2 2 0 0
295 a1 1 1 0
296 a2 2 1 0
296 a1 1 0 0
297 a2 2 0 0
297 a1 1 1 0
298 a2 2 1 0
298 a1 1 0 0
299 a2 2 0 0
299 a1 1 1 0
300 a2 2 1 0
300 a1 1 0 0
301 a2 2 0 0
301 a1 1 1 0
302 a2 2 1 0
302 a1 1 0 0
303 a2 2 0 0
303 a1 1 1 0
304 a2 2 1 0
304 a1 1 0 0
305 a2 2 0 0
305 a1 1 1 0
306 a2 2 1 0
306 a1 1 0 0
307 a2 2 0 0
307 a1 1 1 0
308 a2 2 1 0
308 a1 1 0 0
309 a2 2 0 0
309 a1 1 1 0
310 a2 2 1 0
310 a1 1 0 0
311 a2 2 0 0
311 a1 1 1 0
312 a2 2 1 0
312 a1 1 0 0
313 a2 2 0 0
313 a1 1 1 0
314 a2 2 1 0
314 a1 1 0 0
315 a2 2 0 0
315 a1 1 1 0
316 a2 2 1 0
316 a1 1 0 0
317 a2 2 0 0
317 a1 1 1 0
318 a2 2 1 0
318 a1 1 0 0
319 a2 2 0 0
319 a1 1 1 0
320 a+ 1 1 0
321 a+ 1 1 0
322 a+ 1 1 0
323 a+ 1 1 0
324 a+ 1 1 0
325 a+ 1 1 0
326 a+ 1 1 0
327 a+ 1 1 0
328 a+ 1 1 0
329 a+ 1 1 0
330 a+ 1 1 0
331 a+ 1 1 0
332 a+ 1 1 0
333 a+ 1 1 0
334 a+ 1 1 0
335 a+ 1 1 0
336 a+ 1 1 0
337 a+ 1 1 0
338 a+ 1 1 0
339 a+ 1 1 0
340 a+ 1 1 0
341 a+ 1 1 0
342 a+ 1 1 0
343 a+ 1 1 0
344 a+ 1 1 0
345 a+ 1 1 0
346 a+ 1 1 0
347 a+ 1 1 0
348 a+ 1 1 0
349 a+ 1 1 0
350 a+ 1 1 0
351 a+ 1 1 0
352 a2 2 1 0
352 a1 1 0 0
353 a2 2 0 0
353 a1 1 1 0
354 a2 2 1 0
354 a1 1 0 0
355 a2 2 0 0
355 a1 1 1 0
356 a2 2 1 0
356 a1 1 0 0
357 a2 2 0 0
357 a1 1 1 0
358 a2 2 1 0
358 a1 1 0 0
359 a2 2 0 0
359 a1 1 1 0
360 a2 2 1 0
360 a1 1 0 0
361 a2 2 0 0
361 a1 1 1 0
362 a2 2 1 0
362 a1 1 0 0
363 a2 2 0 0
363 a1 1 1 0
364 a2 2 1 0
364 a1 1 0 0
365 a2 2 0 0
365 a1 1 1 0
366 a2 2 1 0
366 a1 1 0 0
367 a2 2 0 0
367 a1 1 1 0
368 a2 2 1 0
368 a1 1 0 0
369 a2 2 0 0
369 a1 1 1 0
370 a2 2 1 0
370 a1 1 0 0
371 a2 2 0 0
371 a1 1 1 0
372 a2 2 1 0
372 a1 1 0 0
373 a2 2 0 0
373 a1 1 1 0
374 a2 2 1 0
374 a1 1 0 0
375 a2 2 0 0
375 a1 1 1 0
376 a2 2 1 0
376 a1 1 0 0
377 a2 2 0 0
377 a1 1 1 0
378 a2 2 1 0
378 a1 1 0 0
379 a2 2 0 0
379 a1 1 1 0
380 a2 2 1 0
380 a1 1 0 0
381 a2 2 0 0
381 a1 1 1 0
382 a2 2 1 0
382 a1 1 0 0
383 a2 2 0 0
383 a1 1 1 0
384 a+ 1 1 0
385 a+ 1 1 0
386 a+ 1 1 0
387 a+ 1 1 0
388 a+ 1 1 0
389 a+ 1 1 0
390 a+ 1 1 0
391 a+ 1 1 0
392 a+ 1 1 0
393 a+ 1 1 0
394 a+ 1 1 0
395 a+ 1 1 0
396 a+ 1 1 0
397 a+ 1 1 0
398 a+ 1 1 0
399 a+ 1 1 0
400 a+ 1 1 0
401 a+ 1 1 0
402 a+ 1 1 0
403 a+ 1 1 0
404 a+ 1 1 0
405 a+ 1 1 0
406 a+ 1 1 0
407 a+ 1 1 0
408 a+ 1 1 0
409 a+ 1 1 0
410 a+ 1 1 0
411 a+ 1 1 0
412 a+ 1 1 0
413 a+ 1 1 0
414 a+ 1 1 0
415 a+ 1 1 0
416 a2 2 1 0
416 a1 1 0 0
417 a2 2 0 0
417 a1 1 1 0
418 a2 2 1 0
418 a1 1 0 0
419 a2 2 0 0
419 a1 1 1 0
420 a2 2 1 0
420 a1 1 0 0
421 a2 2 0 0
421 a1 1 1 0
422 a2 2 1 0
422 a1 1 0 0
423 a2 2 0 0
423 a1 1 1 0
424 a2 2 1 0
424 a1 1 0 0
425 a2 2 0 0
425 a1 1 1 0
426 a2 2 1 0
426 a1 1 0 0
427 a2 2 0 0
427 a1 1 1 0
428 a2 2 1 0
428 a1 1 0 0
429 a2 2 0 0
429 a1 1 1 0
430 a2 2 1 0
430 a1 1 0 0
431 a2 2 0 0
431 a1 1 1 0
432 a2 2 1 0
432 a1 1 0 0
433 a2 2 0 0
433 a1 1 1 0
434 a2 2 1 0
434 a1 1 0 0
435 a2 2 0 0
435 a1 1 1 0
436 a2 2 1 0
436 a1 1 0 0
437 a2 2 0 0
437 a1 1 1 0
438 a2 2 1 0
438 a1 1 0 0
439 a2 2 0 0
439 a1 1 1 0
440 a2 2 1 0
440 a1 1 0 0
441 a2 2 0 0
441 a1 1 1 0
442 a2 2 1 0
442 a1 1 0 0
443 a2 2 0 0
443 a1 1 1 0
444 a2 2 1 0
444 a1 1 0 0
445 a2 2 0 0
445 a1 1 1 0
446 a2 2 1 0
446 a1 1 0 0
447 a2 2 0 0
447 a1 1 1 0
448 a+ 1 1 0
449 a+ 1 1 0
450 a+ 1 1 0
451 a+ 1 1 0
452 a+ 1 1 0
453 a+ 1 1 0
454 a+ 1 1 0
455 a+ 1 1 0
456 a+ 1 1 0
457 a+ 1 1 0
458 a+ 1 1 0
459 a+ 1 1 0
460 a+ 1 1 0
461 a+ 1 1 0
462 a+ 1 1 0
463 a+ 1 1 0
464 a+ 1 1 0
465 a+ 1 1 0
466 a+ 1 1 0
467 a+ 1 1 0
468 a+ 1 1 0
469 a+ 1 1 0
470 a+ 1 1 0
471 a+ 1 1 0
472 a+ 1 1 0
473 a+ 1 1 0
474 a+ 1 1 0
475 a+ 1 1 0
476 a+ 1 1 0
477 a+ 1 1 0
478 a+ 1 1 0
479 a+ 1 1 0
480 a2 2 1 0
480 a1 1 0 0
481 a2 2 0 0
481 a1 1 1 0
482 a2 2 1 0
482 a1 1 0 0
483 a2 2 0 0
483 a1 1 1 0
484 a2 2 1 0
484 a1 1 0 0
485 a2 2 0 0
485 a1 1 1 0
486 a2 2 1 0
486 a1 1 0 0
487 a2 2 0 0
487 a1 1 1 0
488 a2 2 1 0
488 a1 1 0 0
489 a2 2 0 0
489 a1 1 1 0
490 a2 2 1 0
490 a1 1 0 0
491 a2 2 0 0
491 a1 1 1 0
492 a2 2 1 0
492 a1 1 0 0
493 a2 2 0 0
493 a1 1 1 0
494 a2 2 1 0
494 a1 1 0 0
495 a2 2 0 0
495 a1 1 1 0
496 a2 2 1 0
496 a1 1 0 0
497 a2 2 0 0
497 a1 1 1 0
498 a2 2 1 0
498 a1 1 0 0
499 a2 2 0 0
499 a1 1 1 0
500 a2 2 1 0
500 a1 1 0 0
501 a2 2 0 0
501 a1 1 1 0
502 a2 2 1 0
502 a1 1 0 0
503 a2 2 0 0
503 a1 1 1 0
504 a2 2 1 0
504 a1 1 0 0
505 a2 2 0 0
505 a1 1 1 0
506 a2 2 1 0
506 a1 1 0 0
507 a2 2 0 0
507 a1 1 1 0
508 a2 2 1 0
508 a1 1 0 0
509 a2 2 0 0
509 a1 1 1 0
510 a2 2 1 0
510 a1 1 0 0
511 a2 2 0 0
511 a1 1 1 0
512 a+ 1 1 0
513 a+ 1 1 0
514 a+ 1 1 0
515 a+ 1 1 0
516 a+ 1 1 0
517 a+ 1 1 0
518 a+ 1 1 0
519 a+ 1 1 0
520 a+ 1 1 0
521 a+ 1 1 0
522 a+ 1 1 0
523 a+ 1 1 0
524 a+ 1 1 0
525 a+ 1 1 0
526 a+ 1 1 0
527 a+ 1 1 0
528 a+ 1 1 0
529 a+ 1 1 0
530 a+ 1 1 0
531 a+ 1 1 0
532 a+ 1 1 0
533 a+ 1 1 0
534 a+ 1 1 0
535 a+ 1 1 0
536 a+ 1 1 0
537 a+ 1 1 0
538 a+ 1 1 0
539 a+ 1 1 0
540 a+ 1 1 0
541 a+ 1 1 0
542 a+ 1 1 0
543 a+ 1 1 0
544 a2 2 1 0
544 a1 1 0 0
545 a2 2 0 0
545 a1 1 1 0
546 a2 2 1 0
546 a1 1 0 0
547 a2 2 0 0
547 a1 1 1 0
548 a2 2 1 0
548 a1 1 0 0
549 a2 2 0 0
549 a1 1 1 0
550 a2 2 1 0
550 a1 1 0 0
551 a2 2 0 0
551 a1 1 1 0
552 a2 2 1 0
552 a1 1 0 0
553 a2 2 0 0
553 a1 1 1 0
554 a2 2 1 0
554 a1 1 0 0
555 a2 2 0 0
555 a1 1 1 0
556 a2 2 1 0
556 a1 1 0 0
557 a2 2 0 0
557 a1 1 1 0
558 a2 2 1 0
558 a1 1 0 0
559 a2 2 0 0
559 a1 1 1 0
560 a2 2 1 0
560 a1 1 0 0
561 a2 2 0 0
561 a1 1 1 0
562 a2 2 1 0
562 a1 1 0 0
563 a2 2 0 0
563 a1 1 1 0
564 a2 2 1 0
564 a1 1 0 0
565 a2 2 0 0
565 a1 1 1 0
566 a2 2 1 0
566 a1 1 0 0
567 a2 2 0 0
567 a1 1 1 0
568 a2 2 1 0
568 a1 1 0 0
569 a2 2 0 0
569 a1 1 1 0
570 a2 2 1 0
570 a1 1 0 0
571 a2 2 0 0
571 a1 1 1 0
572 a2 2 1 0
572 a1 1 0 0
573 a2 2 0 0
573 a1 1 1 0
574 a2 2 1 0
574 a1 1 0 0
575 a2 2 0 0
575 a1 1 1 0
576 a+ 1 1 0
577 a+ 1 1 0
578 a+ 1 1 0
579 a+ 1 1 0
580 a+ 1 1 0
581 a+ 1 1 0
582 a+ 1 1 0
583 a+ 1 1 0
584 a+ 1 1 0
585 a+ 1 1 0
586 a+ 1 1 0
587 a+ 1 1 0
588 a+ 1 1 0
589 a+ 1 1 0
590 a+ 1 1 0
591 a+ 1 1 0
592 a+ 1 1 0
593 a+ 1 1 0
594 a+ 1 1 0
595 a+ 1 1 0
596 a+ 1 1 0
597 a+ 1 1 0
598 a+ 1 1 0
599 a+ 1 1 0
600 a+ 1 1 0
601 a+ 1 1 0
602 a+ 1 1 0
603 a+ 1 1 0
604 a+ 1 1 0
605 a+ 1 1 0
606 a+ 1 1 0
607 a+ 1 1 0
608 a2 2 1 0
608 a1 1 0 0
609 a2 2 0 0
609 a1 1 1 0
610 a2 2 1 0
610 a1 1 0 0
611 a2 2 0 0
611 a1 1 1 0
612 a2 2 1 0
612 a1 1 0 0
613 a2 2 0 0
613 a1 1 1 0
614 a2 2 1 0
614 a1 1 0 0
615 a2 2 0 0
615 a1 1 1 0
616 a2 2 1 0
616 a1 1 0 0
617 a2 2 0 0
617 a1 1 1 0
618 a2 2 1 0
618 a1 1 0 0
619 a2 2 0 0
619 a1 1 1 0
620 a2 2 1 0
620 a1 1 0 0
621 a2 2 0 0
621 a1 1 1 0
622 a2 2 1 0
622 a1 1 0 0
623 a2 2 0 0
623 a1 1 1 0
624 a2 2 1 0
624 a1 1 0 0
625 a2 2 0 0
625 a1 1 1 0
626 a2 2 1 0
626 a1 1 0 0
627 a2 2 0 0
627 a1 1 1 0
628 a2 2 1 0
628 a1 1 0 0
629 a2 2 0 0
629 a1 1 1 0
630 a2 2 1 0
630 a1 1 0 0
631 a2 2 0 0
631 a1 1 1 0
632 a2 2 1 0
632 a1 1 0 0
633 a2 2 0 0
633 a1 1 1 0
634 a2 2 1 0
634 a1 1 0 0
635 a2 2 0 0
635 a1 1 1 0
636 a2 2 1 0
636 a1 1 0 0
637 a2 2 0 0
637 a1 1 1 0
638 a2 2 1 0
638 a1 1 0 0
639 a2 2 0 0
639 a1 1 1 0
640 a+ 1 1 0
641 a+ 1 1 0
642 a+ 1 1 0
643 a+ 1 1 0
644 a+ 1 1 0
645 a+ 1 1 0
646 a+ 1 1 0
647 a+ 1 1 0
648 a+ 1 1 0
649 a+ 1 1 0
650 a+ 1 1 0
651 a+ 1 1 0
652 a+ 1 1 0
653 a+ 1 1 0
654 a+ 1 1 0
655 a+ 1 1 0
656 a+ 1 1 0
657 a+ 1 1 0
658 a+ 1 1 0
659 a+ 1 1 0
660 a+ 1 1 0
661 a+ 1 1 0
662 a+ 1 1 0
663 a+ 1 1 0
664 a+ 1 1 0
665 a+ 1 1 0
666 a+ 1 1 0
667 a+ 1 1 0
668 a+ 1 1 0
669 a+ 1 1 0
670 a+ 1 1 0
671 a+ 1 1 0
672 a2 2 1 0
672 a1 1 0 0
673 a2 2 0 0
673 a1 1 1 0
674 a2 2 1 0
674 a1 1 0 0
675 a2 2 0 0
675 a1 1 1 0
676 a2 2 1 0
676 a1 1 0 0
677 a2 2 0 0
677 a1 1 1 0
678 a2 2 1 0
678 a1 1 0 0
679 a2 2 0 0
679 a1 1 1 0
680 a2 2 1 0
680 a1 1 0 0
681 a2 2 0 0
681 a1 1 1 0
682 a2 2 1 0
682 a1 1 0 0
683 a2 2 0 0
683 a1 1 1 0
684 a2 2 1 0
684 a1 1 0 0
685 a2 2 0 0
685 a1 1 1 0
686 a2 2 1 0
686 a1 1 0 0
687 a2 2 0 0
687 a1 1 1 0
688 a2 2 1 0
688 a1 1 0 0
689 a2 2 0 0
689 a1 1 1 0
690 a2 2 1 0
690 a1 1 0 0
691 a2 2 0 0
691 a1 1 1 0
692 a2 2 1 0
692 a1 1 0 0
693 a2 2 0 0
693 a1 1 1 0
694 a2 2 1 0
694 a1 1 0 0
695 a2 2 0 0
695 a1 1 1 0
696 a2 2 1 0
696 a1 1 0 0
697 a2 2 0 0
697 a1 1 1 0
698 a2 2 1 0
698 a1 1 0 0
699 a2 2 0 0
699 a1 1 1 0
700 a2 2 1 0
700 a1 1 0 0
701 a2 2 0 0
701 a1 1 1 0
702 a2 2 1 0
702 a1 1 0 0
703 a2 2 0 0
703 a1 1 1 0
704 a+ 1 1 0
705 a+ 1 1 0
706 a+ 1 1 0
707 a+ 1 1 0
708 a+ 1 1 0
709 a+ 1 1 0
710 a+ 1 1 0
711 a+ 1 1 0
712 a+ 1 1 0
713 a+ 1 1 0
714 a+ 1 1 0
715 a+ 1 1 0
716 a+ 1 1 0
717 a+ 1 1 0
718 a+ 1 1 0
719 a+ 1 1 0
720 a+ 1 1 0
721 a+ 1 1 0
722 a+ 1 1 0
723 a+ 1 1 0
724 a+ 1 1 0
725 a+ 1 1 0
726 a+ 1 1 0
727 a+ 1 1 0
728 a+ 1 1 0
729 a+ 1 1 0
730 a+ 1 1 0
731 a+ 1 1 0
732 a+ 1 1 0
733 a+ 1 1 0
734 a+ 1 1 0
735 a+ 1 1 0
768 a+ 1 1 0
769 a+ 1 1 0
770 a+ 1 1 0
771 a+ 1 1 0
772 a+ 1 1 0
773 a+ 1 1 0
774 a+ 1 1 0
775 a+ 1 1 0
776 a+ 1 1 0
777 a+ 1 1 0
778 a+ 1 1 0
779 a+ 1 1 0
780 a+ 1 1 0
781 a+ 1 1 0
782 a+ 1 1 0
783 a+ 1 1 0
784 a+ 1 1 0
785 a+ 1 1 0
786 a+ 1 1 0
787 a+ 1 1 0
788 a+ 1 1 0
789 a+ 1 1 0
790 a+ 1 1 0
791 a+ 1 1 0
792 a+ 1 1 0
793 a+ 1 1 0
794 a+ 1 1 0
795 a+ 1 1 0
796 a+ 1 1 0
797 a+ 1 1 0
798 a+ 1 1 0
799 a+ 1 1 0
800 a2 2 1 0
800 a1 1 0 0
801 a2 2 0 0
801 a1 1 1 0
802 a2 2 1 0
802 a1 1 0 0
803 a2 2 0 0
803 a1 1 1 0
804 a2 2 1 0
804 a1 1 0 0
805 a2 2 0 0
805 a1 1 1 0
806 a2 2 1 0
806 a1 1 0 0
807 a2 2 0 0
807 a1 1 1 0
808 a2 2 1 0
808 a1 1 0 0
809 a2 2 0 0
809 a1 1 1 0
810 a2 2 1 0
810 a1 1 0 0
811 a2 2 0 0
811 a1 1 1 0
812 a2 2 1 0
812 a1 1 0 0
813 a2 2 0 0
813 a1 1 1 0
814 a2 2 1 0
814 a1 1 0 0
815 a2 2 0 0
815 a1 1 1 0
816 a2 2 1 0
816 a1 1 0 0
817 a2 2 0 0
817 a1 1 1 0
818 a2 2 1 0
818 a1 1 0 0
819 a2 2 0 0
819 a1 1 1 0
820 a2 2 1 0
820 a1 1 0 0
821 a2 2 0 0
821 a1 1 1 0
822 a2 2 1 0
822 a1 1 0 0
823 a2 2 0 0
823 a1 1 1 0
824 a2 2 1 0
824 a1 1 0 0
825 a2 2 0 0
825 a1 1 1 0
826 a2 2 1 0
826 a1 1 0 0
827 a2 2 0 0
827 a1 1 1 0
828 a2 2 1 0
828 a1 1 0 0
829 a2 2 0 0
829 a1 1 1 0
830 a2 2 1 0
830 a1 1 0 0
831 a2 2 0 0
831 a1 1 1 0
832 a+ 1 1 0
833 a+ 1 1 0
834 a+ 1 1 0
835 a+ 1 1 0
836 a+ 1 1 0
837 a+ 1 1 0
838 a+ 1 1 0
839 a+ 1 1 0
840 a+ 1 1 0
841 a+ 1 1 0
842 a+ 1 1 0
843 a+ 1 1 0
844 a+ 1 1 0
845 a+ 1 1 0
846 a+ 1 1 0
847 a+ 1 1 0
848 a+ 1 1 0
849 a+ 1 1 0
850 a+ 1 1 0
851 a+ 1 1 0
852 a+ 1 1 0
853 a+ 1 1 0
854 a+ 1 1 0
855 a+ 1 1 0
856 a+ 1 1 0
857 a+ 1 1 0
858 a+ 1 1 0
859 a+ 1 1 0
860 a+ 1 1 0
861 a+ 1 1 0
862 a+ 1 1 0
863 a+ 1 1 0
864 a2 2 1 0
864 a1 1 0 0
865 a2 2 0 0
865 a1 1 1 0
866 a2 2 1 0
866 a1 1 0 0
867 a2 2 0 0
867 a1 1 1 0
868 a2 2 1 0
868 a1 1 0 0
869 a2 2 0 0
869 a1 1 1 0
870 a2 2 1 0
870 a1 1 0 0
871 a2 2 0 0
871 a1 1 1 0
872 a2 2 1 0
872 a1 1 0 0
873 a2 2 0 0
873 a1 1 1 0
874 a2 2 1 0
874 a1 1 0 0
875 a2 2 0 0
875 a1 1 1 0
876 a2 2 1 0
876 a1 1 0 0
877 a2 2 0 0
877 a1 1 1 0
878 a2 2 1 0
878 a1 1 0 0
879 a2 2 0 0
879 a1 1 1 0
880 a2 2 1 0
880 a1 1 0 0
881 a2 2 0 0
881 a1 1 1 0
882 a2 2 1 0
882 a1 1 0 0
883 a2 2 0 0
883 a1 1 1 0
884 a2 2 1 0
884 a1 1 0 0
885 a2 2 0 0
885 a1 1 1 0
886 a2 2 1 0
886 a1 1 0 0
887 a2 2 0 0
887 a1 1 1 0
888 a2 2 1 0
888 a1 1 0 0
889 a2 2 0 0
889 a1 1 1 0
890 a2 2 1 0
890 a1 1 0 0
891 a2 2 0 0
891 a1 1 1 0
892 a2 2 1 0
892 a1 1 0 0
893 a2 2 0 0
893 a1 1 1 0
894 a2 2 1 0
894 a1 1 0 0
895 a2 2 0 0
895 a1 1 1 0
896 a+ 1 1 0
897 a+ 1 1 0
898 a+ 1 1 0
899 a+ 1 1 0
900 a+ 1 1 0
901 a+ 1 1 0
902 a+ 1 1 0
903 a+ 1 1 0
904 a+ 1 1 0
905 a+ 1 1 0
906 a+ 1 1 0
907 a+ 1 1 0
908 a+ 1 1 0
909 a+ 1 1 0
910 a+ 1 1 0
911 a+ 1 1 0
912 a+ 1 1 0
913 a+ 1 1 0
914 a+ 1 1 0
915 a+ 1 1 0
916 a+ 1 1 0
917 a+ 1 1 0
918 a+ 1 1 0
919 a+ 1 1 0
920 a+ 1 1 0
921 a+ 1 1 0
922 a+ 1 1 0
923 a+ 1 1 0
924 a+ 1 1 0
925 a+ 1 1 0
926 a+ 1 1 0
927 a+ 1 1 0
928 a2 2 1 0
928 a1 1 0 0
929 a2 2 0 0
929 a1 1 1 0
930 a2 2 1 0
930 a1 1 0 0
931 a2 2 0 0
931 a1 1 1 0
932 a2 2 1 0
932 a1 1 0 0
933 a2 2 0 0
933 a1 1 1 0
934 a2 2 1 0
934 a1 1 0 0
935 a2 2 0 0
935 a1 1 1 0
936 a2 2 1 0
936 a1 1 0 0
937 a2 2 0 0
937 a1 1 1 0
938 a2 2 1 0
938 a1 1 0 0
939 a2 2 0 0
939 a1 1 1 0
940 a2 2 1 0
940 a1 1 0 0
941 a2 2 0 0
941 a1 1 1 0
942 a2 2 1 0
942 a1 1 0 0
943 a2 2 0 0
943 a1 1 1 0
944 a2 2 1 0
944 a1 1 0 0
945 a2 2 0 0
945 a1 1 1 0
946 a2 2 1 0
946 a1 1 0 0
947 a2 2 0 0
947 a1 1 1 0
948 a2 2 1 0
948 a1 1 0 0
949 a2 2 0 0
949 a1 1 1 0
950 a2 2 1 0
950 a1 1 0 0
951 a2 2 0 0
951 a1 1 1 0
952 a2 2 1 0
952 a1 1 0 0
953 a2 2 0 0
953 a1 1 1 0
954 a2 2 1 0
954 a1 1 0 0
955 a2 2 0 0
955 a1 1 1 0
956 a2 2 1 0
956 a1 1 0 0
957 a2 2 0 0
957 a1 1 1 0
958 a2 2 1 0
958 a1 1 0 0
959 a2 2 0 0
959 a1 1 1 0
