2752
3904
100
2 11 16 11 2 25 19 15 8 19 24 9 21 12 13 18 8 21 9 8 21 9 22 20 4 8 24 3 24 22 9 4 16 1 2 6 16 12 19 13 14 20 14 15 25 4 9 17 11 23 6 3 3 15 19 3 25 11 10 19 18 19 15 5 0 0 0 0 0 0 0 0 0 0 0 0 0 0 0 0 0 0 0 0 0 0 0 0 0 0 0 0 0 0 0 0 0 0 0 0 0 0 0 0 0 0 0 0 0 0 0 0 0 0 0 0 0 0 0 0 0 0 0 0 0 0 0 0 0 0 0 0 0 0 0 0 0 0 0 0 0 0 0 0 0 0 0 0 0 0 0 0 0 0 0 0 0 0 0 0 0 0 0 0 0 0 0 0 0 0 0 0 0 0 0 0 0 0 0 0 0 0 0 0 0 0 0 0 0 0 0 0 0 0 0 0 0 0 0 0 0 0 0 0 0 0 0 0 0 0 0 0 0 0 0 0 0 0 0 0 0 0 0 0 0 0 0 0 0 0 0 0 0 0 0 0 0 0 0 0 0 0 0 0 0 0 0 0 0 0 0 0 0 0 0 0 0 0 0 0 0 0 0 0 0 0 0 0 0 0 0 0 0 0 0 0 0 0 0 0 0 0 0 0 0 0 0 0 0 0 0 0 0 0 0 0 0 0 0 0 0 0 0 0 0 0 0 0 0 0 0 0 0 0 0 0 0 0 0 0 0 0 0 0 0 0 0 0 0 0 0 0 0 0 0 0 0 0 0 0 0 0 0 0 0 0 0 0 0 0 0 0 0 0 0 0 0 0 0 0 0 0 0 0 0 0 0 0 0 0 0 0 0 0 0 0 0 0 0 0 0 0 0 0 0 0 0 0 0 0 0 0 0 0 0 0 0 0 0 0 0 0 0 0 0 0 0 0 0 0 0 0 0 0 0 0 0 0 0 0 0 0 0 0 0 0 0 0 0 0 0 0 0 0 0 0 0 0 0 0 0 0 0 0 0 0 0 0 0 0 0 0 0 0 0 0 0 0 0 0 0 0 0 0 0 0 0 0 0 0 0 0 0 0 0 0 0 0 0 0 0 0 0 0 0 0 0 0 0 0 0 0 0 0 0 0 0 0 0 0 0 0 0 0 0 0 0 0 0 0 0 0 0 0 0 0 0 0 0 0 0 0 0 0 0 0 0 0 0 0 0 0 0 0 0 0 0 0 0 0 0 0 0 0 0 0 0 0 0 0 0 0 0 0 0 0 0 0 0 0 0 0 0 0 0 0 0 0 0 0 0 0 0 0 0 0 0 0 0 0 0 0 0 0 0 0 0 0 0 0 0 0 0 0 0 0 0 0 0 0 0 0 0 0 0 0 0 0 0 0 0 0 0 0 0 0 0 0 0 0 0 0 0 0 0 0 0 0 0 0 0 0 0 0 0 0 0 0 0 0 0 0 0 0 0 0 0 0 0 0 0 0 0 0 0 0 0 0 0 0 0 0 0 0 0 0 0 0 0 0 0 0 0 0 0 0 0 0 0 0 0 0 0 0 0 0 0 0 0 0 0 0 0 0 0 0 0 0 0 0 0 0 0 0 0 0 0 0 0 0 0 0 0 0 0 0 0 0 0 0 0 0 0 0 0 0 0 0 0 0 0 0 0 0 0 0 0 0 0 0 0 0 0 0 0 0 0 0 0 0 0 0 0 0 0 0 0 0 0 0 0 0 0 0 0 0 0 0 0 0 0 0 0 0 0 0 0 0 0 0 0 0 0 0 0 0 0 0 0 0 0 0 0 0 0 0 0 0 0 0 0 0 0 0 0 0 0 0 0 0 0 0 0 0 0 0 0 0 0 0 0 0 0 0 0 0 0 0 0 0 0 0 0 0 0 0 0 0 0 0 0 0 0 0 0 0 0 0 0 0 0 0 0 0 0 0 0 0 0 0 0 0 0 0 0 0 0 0 0 0 0 0 0 0 0 0 0 0 0 0 0 0 0 0 0 0 0 0 0 0 0 0 0 0 0 0 0 0 0 0 0 0 0 0 0 0 0 0 0 0 0 0 0 0 0 0 0 0 0 0 0 0 0 0 0 0 0 0 0 0 0 0 0 0 0 0 0 0 0 0 0 0 0 0 0 0 0 0 0 0 0 0 0 0 0 0 0 0 0 0 0 0 0 0 0 0 0 0 0 0 0 0 0 0 0 0 0 0 0 0 0 0 0 0 0 0 0 0 0 0 0 0 0 0 0 0 0 0 0 0 0 0 0 0 0 0 0 0 0 0 0 0 0 0 0 0 0 0 0 0 0 0 0 0 0 0 0 0 0 0 0 0 0 0 0 0 0 0 0 0 0 0 0 0 0 0 0 0 0 0 0 0 0 0 0 0 0 0 0 0 0 0 0 0 0 0 0 0 0 0 0 0 0 0 0 0 0 0 0 0 0 0 0 0 0 0 0 0 0 0 0 0 0 0 0 0 0 0 0 0 0 0 0 0 0 0 0 0 0 0 0 0 0 0 0 0 0 0 0 0 0 0 0 0 0 0 0 0 0 0 0 0 0 0 0 0 0 0 0 0 0 0 0 0 0 0 0 0 0 0 0 0 0 0 0 0 0 0 0 0 0 0 0 0 0 0 0 0 0 0 0 0 0 0 0 0 0 0 0 0 0 0 0 0 0 0 0 0 0 0 0 0 0 0 0 0 0 0 0 0 0 0 0 0 0 0 0 0 0 0 0 0 0 0 0 0 0 0 0 0 0 0 0 0 0 0 0 0 0 0 0 0 0 0 0 0 0 0 0 0 0 0 0 0 0 0 0 0 0 0 0 0 0 0 0 0 0 0 0 0 0 0 0 0 0 0 0 0 0 0 0 0 0 0 0 0 0 0 0 0 0 0 0 0 0 0 0 0 0 0 0 0 0 0 0 0 0 0 0 0 0 0 0 0 0 0 0 0 0 0 0 0 0 0 0 0 0 0 0 0 0 0 0 0 0 0 0 0 0 0 0 0 0 0 0 0 0 0 0 0 0 0 0 0 0 0 0 0 0 0 0 0 0 0 0 0 0 0 0 0 0 0 0 0 0 0 0 0 0 0 0 0 0 0 0 0 0 0 0 0 0 0 0 0 0 0 0 0 0 0 0 0 0 0 0 0 0 0 0 0 0 0 0 0 0 0 0 0 0 0 0 0 0 0 0 0 0 0 0 0 0 0 0 0 0 0 0 0 0 0 0 0 0 0 0 0 0 0 0 0 0 0 0 0 0 0 0 0 0 0 0 0 0 0 0 0 0 0 0 0 0 0 0 0 0 0 0 0 0 0 0 0 0 0 0 0 0 0 0 0 0 0 0 0 0 0 0 0 0 0 0 0 0 0 0 0 0 0 0 0 0 0 0 0 0 0 0 0 0 0 0 0 0 0 0 0 0 0 0 0 0 0 0 0 0 0 0 0 0 0 0 0 0 0 0 0 0 0 0 0 0 0 0 0 0 0 0 0 0 0 0 0 0 0 0 0 0 0 0 0 0 0 0 0 0 0 0 0 0 0 0 0 0 0 0 0 0 0 0 0 0 0 0 0 0 0 0 0 0 0 0 0 0 0 0 0 0 0 0 0 0 0 0 0 0 0 0 0 0 0 0 0 0 0 0 0 0 0 0 0 0 0 0 0 0 0 0 0 0 0 0 0 0 0 0 0 0 0 0 0 0 0 0 0 0 0 0 0 0 0 0 0 0 0 0 0 0 0 0 0 0 0 0 0 0 0 0 0 0 0 0 0 0 0 0 0 0 0 0 0 0 0 0 0 0 0 0 0 0 0 0 0 0 0 0 0 0 0 0 0 0 0 0 0 0 0 0 0 0 0 0 0 0 0 0 0 0 0 0 0 0 0 0 0 0 0 0 0 0 0 0 0 0 0 0 0 0 0 0 0 0 0 0 0 0 0 0 0 0 0 0 0 0 0 0 0 0 0 0 0 0 0 0 0 0 0 0 0 0 0 0 0 0 0 0 0 0 0 0 0 0 0 0 0 0 0 0 0 0 0 0 0 0 0 0 0 0 0 0 0 0 0 0 0 0 0 0 0 0 0 0 0 0 0 0 0 0 0 0 0 0 0 0 0 0 0 0 0 0 0 0 0 0 0 0 0 0 0 0 0 0 0 0 0 0 0 0 0 0 0 0 0 0 0 0 0 0 0 0 0 0 0 0 0 0 0 0 0 0 0 0 0 0 0 0 0 0 0 0 0 0 0 0 0 0 0 0 0 0 0 0 0 0 0 0 0 0 0 0 0 0 0 0 0 0 0 0 0 0 0 0 0 0 0 0 0 0 0 0 0 0 0 0 0 0 0 0 0 0 0 0 0 0 0 0 0 0 0 0 0 0 0 0 0 0 0 0 0 0 0 0 0 0 0 0 0 0 0 0 0 0 0 0 0 0 0 0 0 0 0 0 0 0 0 0 0 0 0 0 0 0 0 0 0 0 0 0 0 0 0 0 0 0 0 0 0 0 0 0 0 0 0 0 0 0 0 0 0 0 0 0 0 0 0 0 0 0 0 0 0 0 0 0 0 0 0 0 0 0 0 0 0 0 0 0 0 0 0 0 0 0 0 0 0 0 0 0 0 0 0 0 0 0 0 0 0 0 0 0 0 0 0 0 0 0 0 0 0 0 0 0 0 0 0 0 0 0 0 0 0 0 0 0 0 0 0 0 0 0 0 0 0 0 0 0 0 0 0 0 0 0 0 0 0 0 0 0 0 0 0 0 0 0 0 0 0 0 0 0 0 0 0 0 0 0 0 0 0 0 0 0 0 0 0 0 0 0 0 0 0 0 0 0 0 0 0 0 0 0 0 0 0 0 0 0 0 0 0 0 0 0 0 0 0 0 0 0 0 0 0 0 0 0 0 0 0 0 0 0 0 0 0 0 0 0 0 0 0 0 0 0 0 0 0 0 0 0 0 0 0 0 0 0 0 0 0 0 0 0 0 0 0 0 0 0 0 0 0 0 0 0 0 0 0 0 0 0 0 0 0 0 0 0 0 0 0 0 0 0 0 0 0 0 0 0 0 0 0 0 0 0 0 0 0 0 0 0 0 0 0 0 0 0 0 0 0 0 0 0 0 0 0 0 0 0 0 0 0 0 0 0 0 0 0 0 0 0 0 0 0 0 0 0 0 0 0 0 0 0 0 0 0 0 0 0 0 0 0 0 0 0 0 0 0 0 0 0 0 0 0 0 0 0 0 0 0 0 0 0 0 0 0 0 0 0 0 0 0 0 0 0 0 0 0 0 0 0 0 0 0 0 0 0 0 0 0 0 0 0 0 0 0 0 0 0 0 0 0 0 0 0 0 0 0 0 0 0 0 0 0 0 0 0 0 0 0 0 0 0 0 0 0 0 0 0 0 0 0 0 0 0 0 0 0 0 0 0 0 0 0 0 0 0 0 0 0 0 0 0 0 0 0 0 0 0 0 0 0 0 0 0 0 0 0 0 0 0 0 0 0 0 0 0 0 0 0 0 0 0 0 0 0 0 0 0 0 0 0 0 0 0 0 0 0 0 0 0 0 0 0 0 0 0 0 0 0 0 0 0 0 0 0 0 0 0 0 0 0 0 0 0 0 0 0 0 0 0 0 0 0 0 0 0 0 0 0 0 0 0 0 0 0 0 0 0 0 0 0 0 0 0 0 0 0 0 0 0 0 0 0 0 0 0 0 0 0 0 0 0 0 0 0 0 0 0 0 0 0 0 0 0 0 0 0 0 0 0 0 0 0 0 0 0 0 0 0 0 0 0 0 0 0 0 0 0 0 0 0 0 0 0 0 0 0 0 0 0 0 0 0 0 0 0 0 0 0 0 0 0 0 0 0 0 0 0 0 0 0 0 0 0 0 0 0 0 0 0 0 0 0 0 0 0 0 0 0 0 0 0 0 0 0 0 0 0 0 0 0 0 0 0 0 0 0 0 0 0 0 0 0 0 0 0 0 0 0 0 0 0 0 0 0 0 0 0 0 0 0 0 0 0 0 0 0 0 0 0 0 0 0 0 0 0 0 0 0 0 0 0 0 0 0 0 0 0 0 0 0 0 0 0 0 0 0 0 0 0 0 0 0 0 0 0 0 0 0 0 0 0 0 0 0 0 0 0 0 0 0 0 0 0 0 0 0 0 0 0 0 0 0 0 0 0 0 0 0 0 0 0 0 0 0
2 64 65
2 64 65
2 66 67
2 66 67
2 68 69
2 68 69
2 70 71
2 70 71
2 72 73
2 72 73
2 74 75
2 74 75
2 76 77
2 76 77
2 78 79
2 78 79
2 80 81
2 80 81
2 82 83
2 82 83
2 84 85
2 84 85
2 86 87
2 86 87
2 88 89
2 88 89
2 90 91
2 90 91
2 92 93
2 92 93
2 94 95
2 94 95
2 96 97
2 96 97
2 98 99
2 98 99
2 100 101
2 100 101
2 102 103
2 102 103
2 104 105
2 104 105
2 106 107
2 106 107
2 108 109
2 108 109
2 110 111
2 110 111
2 112 113
2 112 113
2 114 115
2 114 115
2 116 117
2 116 117
2 118 119
2 118 119
2 120 121
2 120 121
2 122 123
2 122 123
2 124 125
2 124 125
2 126 127
2 126 127
2 128 129
1 129
2 130 131
1 130
2 132 133
1 133
2 134 135
1 134
2 136 137
1 137
2 138 139
1 138
2 140 141
1 141
2 142 143
1 142
2 144 145
1 145
2 146 147
1 146
2 148 149
1 149
2 150 151
1 150
2 152 153
1 153
2 154 155
1 154
2 156 157
1 157
2 158 159
1 158
2 160 161
1 161
2 162 163
1 162
2 164 165
1 165
2 166 167
1 166
2 168 169
1 169
2 170 171
1 170
2 172 173
1 173
2 174 175
1 174
2 176 177
1 177
2 178 179
1 178
2 180 181
1 181
2 182 183
1 182
2 184 185
1 185
2 186 187
1 186
2 188 189
1 189
2 190 191
1 190
2 192 193
2 192 193
2 194 195
2 194 195
2 196 197
2 196 197
2 198 199
2 198 199
2 200 201
2 200 201
2 202 203
2 202 203
2 204 205
2 204 205
2 206 207
2 206 207
2 208 209
2 208 209
2 210 211
2 210 211
2 212 213
2 212 213
2 214 215
2 214 215
2 216 217
2 216 217
2 218 219
2 218 219
2 220 221
2 220 221
2 222 223
2 222 223
2 224 225
2 224 225
2 226 227
2 226 227
2 228 229
2 228 229
2 230 231
2 230 231
2 232 233
2 232 233
2 234 235
2 234 235
2 236 237
2 236 237
2 238 239
2 238 239
2 240 241
2 240 241
2 242 243
2 242 243
2 244 245
2 244 245
2 246 247
2 246 247
2 248 249
2 248 249
2 250 251
2 250 251
2 252 253
2 252 253
2 254 255
2 254 255
2 256 257
1 257
2 258 259
1 259
2 260 261
1 260
2 262 263
1 262
2 264 265
1 265
2 266 267
1 267
2 268 269
1 268
2 270 271
1 270
2 272 273
1 273
2 274 275
1 275
2 276 277
1 276
2 278 279
1 278
2 280 281
1 281
2 282 283
1 283
2 284 285
1 284
2 286 287
1 286
2 288 289
1 289
2 290 291
1 291
2 292 293
1 292
2 294 295
1 294
2 296 297
1 297
2 298 299
1 299
2 300 301
1 300
2 302 303
1 302
2 304 305
1 305
2 306 307
1 307
2 308 309
1 308
2 310 311
1 310
2 312 313
1 313
2 314 315
1 315
2 316 317
1 316
2 318 319
1 318
2 320 321
2 322 323
2 324 325
2 326 327
2 320 321
2 322 323
2 324 325
2 326 327
2 328 329
2 330 331
2 332 333
2 334 335
2 328 329
2 330 331
2 332 333
2 334 335
2 336 337
2 338 339
2 340 341
2 342 343
2 336 337
2 338 339
2 340 341
2 342 343
2 344 345
2 346 347
2 348 349
2 350 351
2 344 345
2 346 347
2 348 349
2 350 351
2 352 353
2 354 355
2 356 357
2 358 359
2 352 353
2 354 355
2 356 357
2 358 359
2 360 361
2 362 363
2 364 365
2 366 367
2 360 361
2 362 363
2 364 365
2 366 367
2 368 369
2 370 371
2 372 373
2 374 375
2 368 369
2 370 371
2 372 373
2 374 375
2 376 377
2 378 379
2 380 381
2 382 383
2 376 377
2 378 379
2 380 381
2 382 383
2 384 385
1 385
2 386 387
1 387
2 388 389
1 389
2 390 391
1 391
2 392 393
1 392
4 394 395 394 395
2 394 394
2 396 397
1 396
4 398 399 398 399
2 398 398
2 400 401
1 401
2 402 403
1 403
2 404 405
1 405
2 406 407
1 407
2 408 409
1 408
4 410 411 410 411
2 410 410
2 412 413
1 412
4 414 415 414 415
2 414 414
2 416 417
1 417
2 418 419
1 419
2 420 421
1 421
2 422 423
1 423
2 424 425
1 424
4 426 427 426 427
2 426 426
2 428 429
1 428
4 430 431 430 431
2 430 430
2 432 433
1 433
2 434 435
1 435
2 436 437
1 437
2 438 439
1 439
2 440 441
1 440
4 442 443 442 443
2 442 442
2 444 445
1 444
4 446 447 446 447
2 446 446
2 448 449
2 448 449
2 450 451
2 450 451
2 452 453
2 452 453
2 454 455
2 454 455
2 456 457
2 456 457
2 458 459
2 458 459
2 460 461
2 460 461
2 462 463
2 462 463
2 464 465
2 464 465
2 466 467
2 466 467
2 468 469
2 468 469
2 470 471
2 470 471
2 472 473
2 472 473
2 474 475
2 474 475
2 476 477
2 476 477
2 478 479
2 478 479
2 480 481
2 480 481
2 482 483
2 482 483
2 484 485
2 484 485
2 486 487
2 486 487
2 488 489
2 488 489
2 490 491
2 490 491
2 492 493
2 492 493
2 494 495
2 494 495
2 496 497
2 496 497
2 498 499
2 498 499
2 500 501
2 500 501
2 502 503
2 502 503
2 504 505
2 504 505
2 506 507
2 506 507
2 508 509
2 508 509
2 510 511
2 510 511
2 512 513
1 513
2 514 515
1 515
2 516 517
1 517
2 518 519
1 519
2 520 521
1 520
2 522 523
1 522
2 524 525
1 524
2 526 527
1 526
2 528 529
1 529
2 530 531
1 531
2 532 533
1 533
2 534 535
1 535
2 536 537
1 536
2 538 539
1 538
2 540 541
1 540
2 542 543
1 542
2 544 545
1 545
2 546 547
1 547
2 548 549
1 549
2 550 551
1 551
2 552 553
1 552
2 554 555
1 554
2 556 557
1 556
2 558 559
1 558
2 560 561
1 561
2 562 563
1 563
2 564 565
1 565
2 566 567
1 567
2 568 569
1 568
2 570 571
1 570
2 572 573
1 572
2 574 575
1 574
2 576 577
2 578 579
2 580 581
2 582 583
2 584 585
2 586 587
2 588 589
2 590 591
2 576 577
2 578 579
2 580 581
2 582 583
2 584 585
2 586 587
2 588 589
2 590 591
2 592 593
2 594 595
2 596 597
2 598 599
2 600 601
2 602 603
2 604 605
2 606 607
2 592 593
2 594 595
2 596 597
2 598 599
2 600 601
2 602 603
2 604 605
2 606 607
2 608 609
2 610 611
2 612 613
2 614 615
2 616 617
2 618 619
2 620 621
2 622 623
2 608 609
2 610 611
2 612 613
2 614 615
2 616 617
2 618 619
2 620 621
2 622 623
2 624 625
2 626 627
2 628 629
2 630 631
2 632 633
2 634 635
2 636 637
2 638 639
2 624 625
2 626 627
2 628 629
2 630 631
2 632 633
2 634 635
2 636 637
2 638 639
2 640 641
1 641
2 642 643
1 643
2 644 645
1 645
2 646 647
1 647
2 648 649
1 649
2 650 651
1 651
2 652 653
1 653
2 654 655
1 655
2 656 657
1 656
4 658 659 658 659
2 658 658
2 660 661
1 660
4 662 663 662 663
2 662 662
2 664 665
1 664
4 666 667 666 667
2 666 666
2 668 669
1 668
4 670 671 670 671
2 670 670
2 672 673
1 673
2 674 675
1 675
2 676 677
1 677
2 678 679
1 679
2 680 681
1 681
2 682 683
1 683
2 684 685
1 685
2 686 687
1 687
2 688 689
1 688
4 690 691 690 691
2 690 690
2 692 693
1 692
4 694 695 694 695
2 694 694
2 696 697
1 696
4 698 699 698 699
2 698 698
2 700 701
1 700
4 702 703 702 703
2 702 702
2 704 705
2 706 707
2 708 709
2 710 711
2 712 713
2 714 715
2 716 717
2 718 719
2 704 705
2 706 707
2 708 709
2 710 711
2 712 713
2 714 715
2 716 717
2 718 719
2 720 721
2 722 723
2 724 725
2 726 727
2 728 729
2 730 731
2 732 733
2 734 735
2 720 721
2 722 723
2 724 725
2 726 727
2 728 729
2 730 731
2 732 733
2 734 735
2 736 737
2 738 739
2 740 741
2 742 743
2 744 745
2 746 747
2 748 749
2 750 751
2 736 737
2 738 739
2 740 741
2 742 743
2 744 745
2 746 747
2 748 749
2 750 751
2 752 753
2 754 755
2 756 757
2 758 759
2 760 761
2 762 763
2 764 765
2 766 767
2 752 753
2 754 755
2 756 757
2 758 759
2 760 761
2 762 763
2 764 765
2 766 767
2 768 769
1 769
2 770 771
1 771
2 772 773
1 773
2 774 775
1 775
2 776 777
1 777
2 778 779
1 779
2 780 781
1 781
2 782 783
1 783
2 784 785
1 784
4 786 787 786 787
2 786 786
2 788 789
1 788
4 790 791 790 791
2 790 790
2 792 793
1 792
4 794 795 794 795
2 794 794
2 796 797
1 796
4 798 799 798 799
2 798 798
2 800 801
1 801
2 802 803
1 803
2 804 805
1 805
2 806 807
1 807
2 808 809
1 809
2 810 811
1 811
2 812 813
1 813
2 814 815
1 815
2 816 817
1 816
4 818 819 818 819
2 818 818
2 820 821
1 820
4 822 823 822 823
2 822 822
2 824 825
1 824
4 826 827 826 827
2 826 826
2 828 829
1 828
4 830 831 830 831
2 830 830
2 832 833
2 832 833
2 834 835
2 834 835
2 836 837
2 836 837
2 838 839
2 838 839
2 840 841
2 840 841
2 842 843
2 842 843
2 844 845
2 844 845
2 846 847
2 846 847
2 848 849
2 848 849
2 850 851
2 850 851
2 852 853
2 852 853
2 854 855
2 854 855
2 856 857
2 856 857
2 858 859
2 858 859
2 860 861
2 860 861
2 862 863
2 862 863
2 864 865
2 864 865
2 866 867
2 866 867
2 868 869
2 868 869
2 870 871
2 870 871
2 872 873
2 872 873
2 874 875
2 874 875
2 876 877
2 876 877
2 878 879
2 878 879
2 880 881
2 880 881
2 882 883
2 882 883
2 884 885
2 884 885
2 886 887
2 886 887
2 888 889
2 888 889
2 890 891
2 890 891
2 892 893
2 892 893
2 894 895
2 894 895
2 896 897
1 897
2 898 899
1 899
2 900 901
1 901
2 902 903
1 903
2 904 905
1 905
2 906 907
1 907
2 908 909
1 909
2 910 911
1 911
2 912 913
1 912
2 914 915
1 914
2 916 917
1 916
2 918 919
1 918
2 920 921
1 920
2 922 923
1 922
2 924 925
1 924
2 926 927
1 926
2 928 929
1 929
2 930 931
1 931
2 932 933
1 933
2 934 935
1 935
2 936 937
1 937
2 938 939
1 939
2 940 941
1 941
2 942 943
1 943
2 944 945
1 944
2 946 947
1 946
2 948 949
1 948
2 950 951
1 950
2 952 953
1 952
2 954 955
1 954
2 956 957
1 956
2 958 959
1 958
2 960 961
2 962 963
2 964 965
2 966 967
2 968 969
2 970 971
2 972 973
2 974 975
2 976 977
2 978 979
2 980 981
2 982 983
2 984 985
2 986 987
2 988 989
2 990 991
2 960 961
2 962 963
2 964 965
2 966 967
2 968 969
2 970 971
2 972 973
2 974 975
2 976 977
2 978 979
2 980 981
2 982 983
2 984 985
2 986 987
2 988 989
2 990 991
2 992 993
2 994 995
2 996 997
2 998 999
2 1000 1001
2 1002 1003
2 1004 1005
2 1006 1007
2 1008 1009
2 1010 1011
2 1012 1013
2 1014 1015
2 1016 1017
2 1018 1019
2 1020 1021
2 1022 1023
2 992 993
2 994 995
2 996 997
2 998 999
2 1000 1001
2 1002 1003
2 1004 1005
2 1006 1007
2 1008 1009
2 1010 1011
2 1012 1013
2 1014 1015
2 1016 1017
2 1018 1019
2 1020 1021
2 1022 1023
2 1024 1025
1 1025
2 1026 1027
1 1027
2 1028 1029
1 1029
2 1030 1031
1 1031
2 1032 1033
1 1033
2 1034 1035
1 1035
2 1036 1037
1 1037
2 1038 1039
1 1039
2 1040 1041
1 1041
2 1042 1043
1 1043
2 1044 1045
1 1045
2 1046 1047
1 1047
2 1048 1049
1 1049
2 1050 1051
1 1051
2 1052 1053
1 1053
2 1054 1055
1 1055
2 1056 1057
1 1056
4 1058 1059 1058 1059
2 1058 1058
2 1060 1061
1 1060
4 1062 1063 1062 1063
2 1062 1062
2 1064 1065
1 1064
4 1066 1067 1066 1067
2 1066 1066
2 1068 1069
1 1068
4 1070 1071 1070 1071
2 1070 1070
2 1072 1073
1 1072
4 1074 1075 1074 1075
2 1074 1074
2 1076 1077
1 1076
4 1078 1079 1078 1079
2 1078 1078
2 1080 1081
1 1080
4 1082 1083 1082 1083
2 1082 1082
2 1084 1085
1 1084
4 1086 1087 1086 1087
2 1086 1086
2 1088 1089
2 1090 1091
2 1092 1093
2 1094 1095
2 1096 1097
2 1098 1099
2 1100 1101
2 1102 1103
2 1104 1105
2 1106 1107
2 1108 1109
2 1110 1111
2 1112 1113
2 1114 1115
2 1116 1117
2 1118 1119
2 1088 1089
2 1090 1091
2 1092 1093
2 1094 1095
2 1096 1097
2 1098 1099
2 1100 1101
2 1102 1103
2 1104 1105
2 1106 1107
2 1108 1109
2 1110 1111
2 1112 1113
2 1114 1115
2 1116 1117
2 1118 1119
2 1120 1121
2 1122 1123
2 1124 1125
2 1126 1127
2 1128 1129
2 1130 1131
2 1132 1133
2 1134 1135
2 1136 1137
2 1138 1139
2 1140 1141
2 1142 1143
2 1144 1145
2 1146 1147
2 1148 1149
2 1150 1151
2 1120 1121
2 1122 1123
2 1124 1125
2 1126 1127
2 1128 1129
2 1130 1131
2 1132 1133
2 1134 1135
2 1136 1137
2 1138 1139
2 1140 1141
2 1142 1143
2 1144 1145
2 1146 1147
2 1148 1149
2 1150 1151
2 1152 1153
1 1153
2 1154 1155
1 1155
2 1156 1157
1 1157
2 1158 1159
1 1159
2 1160 1161
1 1161
2 1162 1163
1 1163
2 1164 1165
1 1165
2 1166 1167
1 1167
2 1168 1169
1 1169
2 1170 1171
1 1171
2 1172 1173
1 1173
2 1174 1175
1 1175
2 1176 1177
1 1177
2 1178 1179
1 1179
2 1180 1181
1 1181
2 1182 1183
1 1183
2 1184 1185
1 1184
4 1186 1187 1186 1187
2 1186 1186
2 1188 1189
1 1188
4 1190 1191 1190 1191
2 1190 1190
2 1192 1193
1 1192
4 1194 1195 1194 1195
2 1194 1194
2 1196 1197
1 1196
4 1198 1199 1198 1199
2 1198 1198
2 1200 1201
1 1200
4 1202 1203 1202 1203
2 1202 1202
2 1204 1205
1 1204
4 1206 1207 1206 1207
2 1206 1206
2 1208 1209
1 1208
4 1210 1211 1210 1211
2 1210 1210
2 1212 1213
1 1212
4 1214 1215 1214 1215
2 1214 1214
2 1216 1217
2 1218 1219
2 1220 1221
2 1222 1223
2 1224 1225
2 1226 1227
2 1228 1229
2 1230 1231
2 1232 1233
2 1234 1235
2 1236 1237
2 1238 1239
2 1240 1241
2 1242 1243
2 1244 1245
2 1246 1247
2 1216 1217
2 1218 1219
2 1220 1221
2 1222 1223
2 1224 1225
2 1226 1227
2 1228 1229
2 1230 1231
2 1232 1233
2 1234 1235
2 1236 1237
2 1238 1239
2 1240 1241
2 1242 1243
2 1244 1245
2 1246 1247
2 1248 1249
2 1250 1251
2 1252 1253
2 1254 1255
2 1256 1257
2 1258 1259
2 1260 1261
2 1262 1263
2 1264 1265
2 1266 1267
2 1268 1269
2 1270 1271
2 1272 1273
2 1274 1275
2 1276 1277
2 1278 1279
2 1248 1249
2 1250 1251
2 1252 1253
2 1254 1255
2 1256 1257
2 1258 1259
2 1260 1261
2 1262 1263
2 1264 1265
2 1266 1267
2 1268 1269
2 1270 1271
2 1272 1273
2 1274 1275
2 1276 1277
2 1278 1279
2 1280 1281
1 1281
2 1282 1283
1 1283
2 1284 1285
1 1285
2 1286 1287
1 1287
2 1288 1289
1 1289
2 1290 1291
1 1291
2 1292 1293
1 1293
2 1294 1295
1 1295
2 1296 1297
1 1297
2 1298 1299
1 1299
2 1300 1301
1 1301
2 1302 1303
1 1303
2 1304 1305
1 1305
2 1306 1307
1 1307
2 1308 1309
1 1309
2 1310 1311
1 1311
2 1312 1313
1 1312
4 1314 1315 1314 1315
2 1314 1314
2 1316 1317
1 1316
4 1318 1319 1318 1319
2 1318 1318
2 1320 1321
1 1320
4 1322 1323 1322 1323
2 1322 1322
2 1324 1325
1 1324
4 1326 1327 1326 1327
2 1326 1326
2 1328 1329
1 1328
4 1330 1331 1330 1331
2 1330 1330
2 1332 1333
1 1332
4 1334 1335 1334 1335
2 1334 1334
2 1336 1337
1 1336
4 1338 1339 1338 1339
2 1338 1338
2 1340 1341
1 1340
4 1342 1343 1342 1343
2 1342 1342
2 1344 1345
2 1344 1345
2 1346 1347
2 1346 1347
2 1348 1349
2 1348 1349
2 1350 1351
2 1350 1351
2 1352 1353
2 1352 1353
2 1354 1355
2 1354 1355
2 1356 1357
2 1356 1357
2 1358 1359
2 1358 1359
2 1360 1361
2 1360 1361
2 1362 1363
2 1362 1363
2 1364 1365
2 1364 1365
2 1366 1367
2 1366 1367
2 1368 1369
2 1368 1369
2 1370 1371
2 1370 1371
2 1372 1373
2 1372 1373
2 1374 1375
2 1374 1375
2 1376 1377
2 1376 1377
2 1378 1379
2 1378 1379
2 1380 1381
2 1380 1381
2 1382 1383
2 1382 1383
2 1384 1385
2 1384 1385
2 1386 1387
2 1386 1387
2 1388 1389
2 1388 1389
2 1390 1391
2 1390 1391
2 1392 1393
2 1392 1393
2 1394 1395
2 1394 1395
2 1396 1397
2 1396 1397
2 1398 1399
2 1398 1399
2 1400 1401
2 1400 1401
2 1402 1403
2 1402 1403
2 1404 1405
2 1404 1405
2 1406 1407
2 1406 1407
2 1408 1409
1 1409
2 1410 1411
1 1411
2 1412 1413
1 1413
2 1414 1415
1 1415
2 1416 1417
1 1417
2 1418 1419
1 1419
2 1420 1421
1 1421
2 1422 1423
1 1423
2 1424 1425
1 1425
2 1426 1427
1 1427
2 1428 1429
1 1429
2 1430 1431
1 1431
2 1432 1433
1 1433
2 1434 1435
1 1435
2 1436 1437
1 1437
2 1438 1439
1 1439
2 1440 1441
1 1440
2 1442 1443
1 1442
2 1444 1445
1 1444
2 1446 1447
1 1446
2 1448 1449
1 1448
2 1450 1451
1 1450
2 1452 1453
1 1452
2 1454 1455
1 1454
2 1456 1457
1 1456
2 1458 1459
1 1458
2 1460 1461
1 1460
2 1462 1463
1 1462
2 1464 1465
1 1464
2 1466 1467
1 1466
2 1468 1469
1 1468
2 1470 1471
1 1470
2 1472 1473
2 1474 1475
2 1476 1477
2 1478 1479
2 1480 1481
2 1482 1483
2 1484 1485
2 1486 1487
2 1488 1489
2 1490 1491
2 1492 1493
2 1494 1495
2 1496 1497
2 1498 1499
2 1500 1501
2 1502 1503
2 1504 1505
2 1506 1507
2 1508 1509
2 1510 1511
2 1512 1513
2 1514 1515
2 1516 1517
2 1518 1519
2 1520 1521
2 1522 1523
2 1524 1525
2 1526 1527
2 1528 1529
2 1530 1531
2 1532 1533
2 1534 1535
2 1472 1473
2 1474 1475
2 1476 1477
2 1478 1479
2 1480 1481
2 1482 1483
2 1484 1485
2 1486 1487
2 1488 1489
2 1490 1491
2 1492 1493
2 1494 1495
2 1496 1497
2 1498 1499
2 1500 1501
2 1502 1503
2 1504 1505
2 1506 1507
2 1508 1509
2 1510 1511
2 1512 1513
2 1514 1515
2 1516 1517
2 1518 1519
2 1520 1521
2 1522 1523
2 1524 1525
2 1526 1527
2 1528 1529
2 1530 1531
2 1532 1533
2 1534 1535
2 1536 1537
1 1537
2 1538 1539
1 1539
2 1540 1541
1 1541
2 1542 1543
1 1543
2 1544 1545
1 1545
2 1546 1547
1 1547
2 1548 1549
1 1549
2 1550 1551
1 1551
2 1552 1553
1 1553
2 1554 1555
1 1555
2 1556 1557
1 1557
2 1558 1559
1 1559
2 1560 1561
1 1561
2 1562 1563
1 1563
2 1564 1565
1 1565
2 1566 1567
1 1567
2 1568 1569
1 1569
2 1570 1571
1 1571
2 1572 1573
1 1573
2 1574 1575
1 1575
2 1576 1577
1 1577
2 1578 1579
1 1579
2 1580 1581
1 1581
2 1582 1583
1 1583
2 1584 1585
1 1585
2 1586 1587
1 1587
2 1588 1589
1 1589
2 1590 1591
1 1591
2 1592 1593
1 1593
2 1594 1595
1 1595
2 1596 1597
1 1597
2 1598 1599
1 1599
2 1600 1601
2 1602 1603
2 1604 1605
2 1606 1607
2 1608 1609
2 1610 1611
2 1612 1613
2 1614 1615
2 1616 1617
2 1618 1619
2 1620 1621
2 1622 1623
2 1624 1625
2 1626 1627
2 1628 1629
2 1630 1631
2 1632 1633
2 1634 1635
2 1636 1637
2 1638 1639
2 1640 1641
2 1642 1643
2 1644 1645
2 1646 1647
2 1648 1649
2 1650 1651
2 1652 1653
2 1654 1655
2 1656 1657
2 1658 1659
2 1660 1661
2 1662 1663
2 1600 1601
2 1602 1603
2 1604 1605
2 1606 1607
2 1608 1609
2 1610 1611
2 1612 1613
2 1614 1615
2 1616 1617
2 1618 1619
2 1620 1621
2 1622 1623
2 1624 1625
2 1626 1627
2 1628 1629
2 1630 1631
2 1632 1633
2 1634 1635
2 1636 1637
2 1638 1639
2 1640 1641
2 1642 1643
2 1644 1645
2 1646 1647
2 1648 1649
2 1650 1651
2 1652 1653
2 1654 1655
2 1656 1657
2 1658 1659
2 1660 1661
2 1662 1663
2 1664 1665
1 1665
2 1666 1667
1 1667
2 1668 1669
1 1669
2 1670 1671
1 1671
2 1672 1673
1 1673
2 1674 1675
1 1675
2 1676 1677
1 1677
2 1678 1679
1 1679
2 1680 1681
1 1681
2 1682 1683
1 1683
2 1684 1685
1 1685
2 1686 1687
1 1687
2 1688 1689
1 1689
2 1690 1691
1 1691
2 1692 1693
1 1693
2 1694 1695
1 1695
2 1696 1697
1 1697
2 1698 1699
1 1699
2 1700 1701
1 1701
2 1702 1703
1 1703
2 1704 1705
1 1705
2 1706 1707
1 1707
2 1708 1709
1 1709
2 1710 1711
1 1711
2 1712 1713
1 1713
2 1714 1715
1 1715
2 1716 1717
1 1717
2 1718 1719
1 1719
2 1720 1721
1 1721
2 1722 1723
1 1723
2 1724 1725
1 1725
2 1726 1727
1 1727
2 1728 1729
2 1730 1731
2 1732 1733
2 1734 1735
2 1736 1737
2 1738 1739
2 1740 1741
2 1742 1743
2 1744 1745
2 1746 1747
2 1748 1749
2 1750 1751
2 1752 1753
2 1754 1755
2 1756 1757
2 1758 1759
2 1760 1761
2 1762 1763
2 1764 1765
2 1766 1767
2 1768 1769
2 1770 1771
2 1772 1773
2 1774 1775
2 1776 1777
2 1778 1779
2 1780 1781
2 1782 1783
2 1784 1785
2 1786 1787
2 1788 1789
2 1790 1791
2 1728 1729
2 1730 1731
2 1732 1733
2 1734 1735
2 1736 1737
2 1738 1739
2 1740 1741
2 1742 1743
2 1744 1745
2 1746 1747
2 1748 1749
2 1750 1751
2 1752 1753
2 1754 1755
2 1756 1757
2 1758 1759
2 1760 1761
2 1762 1763
2 1764 1765
2 1766 1767
2 1768 1769
2 1770 1771
2 1772 1773
2 1774 1775
2 1776 1777
2 1778 1779
2 1780 1781
2 1782 1783
2 1784 1785
2 1786 1787
2 1788 1789
2 1790 1791
2 1792 1793
1 1793
2 1794 1795
1 1795
2 1796 1797
1 1797
2 1798 1799
1 1799
2 1800 1801
1 1801
2 1802 1803
1 1803
2 1804 1805
1 1805
2 1806 1807
1 1807
2 1808 1809
1 1809
2 1810 1811
1 1811
2 1812 1813
1 1813
2 1814 1815
1 1815
2 1816 1817
1 1817
2 1818 1819
1 1819
2 1820 1821
1 1821
2 1822 1823
1 1823
2 1824 1825
1 1825
2 1826 1827
1 1827
2 1828 1829
1 1829
2 1830 1831
1 1831
2 1832 1833
1 1833
2 1834 1835
1 1835
2 1836 1837
1 1837
2 1838 1839
1 1839
2 1840 1841
1 1841
2 1842 1843
1 1843
2 1844 1845
1 1845
2 1846 1847
1 1847
2 1848 1849
1 1849
2 1850 1851
1 1851
2 1852 1853
1 1853
2 1854 1855
1 1855
2 1856 1857
2 1858 1859
2 1860 1861
2 1862 1863
2 1864 1865
2 1866 1867
2 1868 1869
2 1870 1871
2 1872 1873
2 1874 1875
2 1876 1877
2 1878 1879
2 1880 1881
2 1882 1883
2 1884 1885
2 1886 1887
2 1888 1889
2 1890 1891
2 1892 1893
2 1894 1895
2 1896 1897
2 1898 1899
2 1900 1901
2 1902 1903
2 1904 1905
2 1906 1907
2 1908 1909
2 1910 1911
2 1912 1913
2 1914 1915
2 1916 1917
2 1918 1919
2 1856 1857
2 1858 1859
2 1860 1861
2 1862 1863
2 1864 1865
2 1866 1867
2 1868 1869
2 1870 1871
2 1872 1873
2 1874 1875
2 1876 1877
2 1878 1879
2 1880 1881
2 1882 1883
2 1884 1885
2 1886 1887
2 1888 1889
2 1890 1891
2 1892 1893
2 1894 1895
2 1896 1897
2 1898 1899
2 1900 1901
2 1902 1903
2 1904 1905
2 1906 1907
2 1908 1909
2 1910 1911
2 1912 1913
2 1914 1915
2 1916 1917
2 1918 1919
2 1920 1921
1 1921
2 1922 1923
1 1923
2 1924 1925
1 1925
2 1926 1927
1 1927
2 1928 1929
1 1929
2 1930 1931
1 1931
2 1932 1933
1 1933
2 1934 1935
1 1935
2 1936 1937
1 1937
2 1938 1939
1 1939
2 1940 1941
1 1941
2 1942 1943
1 1943
2 1944 1945
1 1945
2 1946 1947
1 1947
2 1948 1949
1 1949
2 1950 1951
1 1951
2 1952 1953
1 1953
2 1954 1955
1 1955
2 1956 1957
1 1957
2 1958 1959
1 1959
2 1960 1961
1 1961
2 1962 1963
1 1963
2 1964 1965
1 1965
2 1966 1967
1 1967
2 1968 1969
1 1969
2 1970 1971
1 1971
2 1972 1973
1 1973
2 1974 1975
1 1975
2 1976 1977
1 1977
2 1978 1979
1 1979
2 1980 1981
1 1981
2 1982 1983
1 1983
2 1984 1985
2 1986 1987
2 1988 1989
2 1990 1991
2 1992 1993
2 1994 1995
2 1996 1997
2 1998 1999
2 2000 2001
2 2002 2003
2 2004 2005
2 2006 2007
2 2008 2009
2 2010 2011
2 2012 2013
2 2014 2015
2 2016 2017
2 2018 2019
2 2020 2021
2 2022 2023
2 2024 2025
2 2026 2027
2 2028 2029
2 2030 2031
2 2032 2033
2 2034 2035
2 2036 2037
2 2038 2039
2 2040 2041
2 2042 2043
2 2044 2045
2 2046 2047
2 1984 1985
2 1986 1987
2 1988 1989
2 1990 1991
2 1992 1993
2 1994 1995
2 1996 1997
2 1998 1999
2 2000 2001
2 2002 2003
2 2004 2005
2 2006 2007
2 2008 2009
2 2010 2011
2 2012 2013
2 2014 2015
2 2016 2017
2 2018 2019
2 2020 2021
2 2022 2023
2 2024 2025
2 2026 2027
2 2028 2029
2 2030 2031
2 2032 2033
2 2034 2035
2 2036 2037
2 2038 2039
2 2040 2041
2 2042 2043
2 2044 2045
2 2046 2047
2 2048 2049
1 2049
2 2050 2051
1 2051
2 2052 2053
1 2053
2 2054 2055
1 2055
2 2056 2057
1 2057
2 2058 2059
1 2059
2 2060 2061
1 2061
2 2062 2063
1 2063
2 2064 2065
1 2065
2 2066 2067
1 2067
2 2068 2069
1 2069
2 2070 2071
1 2071
2 2072 2073
1 2073
2 2074 2075
1 2075
2 2076 2077
1 2077
2 2078 2079
1 2079
2 2080 2081
1 2081
2 2082 2083
1 2083
2 2084 2085
1 2085
2 2086 2087
1 2087
2 2088 2089
1 2089
2 2090 2091
1 2091
2 2092 2093
1 2093
2 2094 2095
1 2095
2 2096 2097
1 2097
2 2098 2099
1 2099
2 2100 2101
1 2101
2 2102 2103
1 2103
2 2104 2105
1 2105
2 2106 2107
1 2107
2 2108 2109
1 2109
2 2110 2111
1 2111
2 2624 2625
2 2626 2627
2 2628 2629
2 2630 2631
2 2632 2633
2 2634 2635
2 2636 2637
2 2638 2639
2 2640 2641
2 2642 2643
2 2644 2645
2 2646 2647
2 2648 2649
2 2650 2651
2 2652 2653
2 2654 2655
2 2656 2657
2 2658 2659
2 2660 2661
2 2662 2663
2 2664 2665
2 2666 2667
2 2668 2669
2 2670 2671
2 2672 2673
2 2674 2675
2 2676 2677
2 2678 2679
2 2680 2681
2 2682 2683
2 2684 2685
2 2686 2687
2 2624 2625
2 2626 2627
2 2628 2629
2 2630 2631
2 2632 2633
2 2634 2635
2 2636 2637
2 2638 2639
2 2640 2641
2 2642 2643
2 2644 2645
2 2646 2647
2 2648 2649
2 2650 2651
2 2652 2653
2 2654 2655
2 2656 2657
2 2658 2659
2 2660 2661
2 2662 2663
2 2664 2665
2 2666 2667
2 2668 2669
2 2670 2671
2 2672 2673
2 2674 2675
2 2676 2677
2 2678 2679
2 2680 2681
2 2682 2683
2 2684 2685
2 2686 2687
0
0
0
0
0
0
0
0
0
0
0
0
0
0
0
0
0
0
0
0
0
0
0
0
0
0
0
0
0
0
0
0
0
0
0
0
0
0
0
0
0
0
0
0
0
0
0
0
0
0
0
0
0
0
0
0
0
0
0
0
0
0
0
0
2 2240 2241
2 2240 2241
2 2242 2243
2 2242 2243
2 2244 2245
2 2244 2245
2 2246 2247
2 2246 2247
2 2248 2249
2 2248 2249
2 2250 2251
2 2250 2251
2 2252 2253
2 2252 2253
2 2254 2255
2 2254 2255
2 2256 2257
2 2256 2257
2 2258 2259
2 2258 2259
2 2260 2261
2 2260 2261
2 2262 2263
2 2262 2263
2 2264 2265
2 2264 2265
2 2266 2267
2 2266 2267
2 2268 2269
2 2268 2269
2 2270 2271
2 2270 2271
2 2272 2273
2 2272 2273
2 2274 2275
2 2274 2275
2 2276 2277
2 2276 2277
2 2278 2279
2 2278 2279
2 2280 2281
2 2280 2281
2 2282 2283
2 2282 2283
2 2284 2285
2 2284 2285
2 2286 2287
2 2286 2287
2 2288 2289
2 2288 2289
2 2290 2291
2 2290 2291
2 2292 2293
2 2292 2293
2 2294 2295
2 2294 2295
2 2296 2297
2 2296 2297
2 2298 2299
2 2298 2299
2 2300 2301
2 2300 2301
2 2302 2303
2 2302 2303
2 2304 2305
1 2304
2 2306 2307
1 2306
2 2308 2309
1 2308
2 2310 2311
1 2310
2 2312 2313
1 2312
2 2314 2315
1 2314
2 2316 2317
1 2316
2 2318 2319
1 2318
2 2320 2321
1 2320
2 2322 2323
1 2322
2 2324 2325
1 2324
2 2326 2327
1 2326
2 2328 2329
1 2328
2 2330 2331
1 2330
2 2332 2333
1 2332
2 2334 2335
1 2334
2 2336 2337
1 2336
2 2338 2339
1 2338
2 2340 2341
1 2340
2 2342 2343
1 2342
2 2344 2345
1 2344
2 2346 2347
1 2346
2 2348 2349
1 2348
2 2350 2351
1 2350
2 2352 2353
1 2352
2 2354 2355
1 2354
2 2356 2357
1 2356
2 2358 2359
1 2358
2 2360 2361
1 2360
2 2362 2363
1 2362
2 2364 2365
1 2364
2 2366 2367
1 2366
2 2368 2369
2 2368 2369
2 2370 2371
2 2370 2371
2 2372 2373
2 2372 2373
2 2374 2375
2 2374 2375
2 2376 2377
2 2376 2377
2 2378 2379
2 2378 2379
2 2380 2381
2 2380 2381
2 2382 2383
2 2382 2383
2 2384 2385
2 2384 2385
2 2386 2387
2 2386 2387
2 2388 2389
2 2388 2389
2 2390 2391
2 2390 2391
2 2392 2393
2 2392 2393
2 2394 2395
2 2394 2395
2 2396 2397
2 2396 2397
2 2398 2399
2 2398 2399
2 2400 2401
2 2400 2401
2 2402 2403
2 2402 2403
2 2404 2405
2 2404 2405
2 2406 2407
2 2406 2407
2 2408 2409
2 2408 2409
2 2410 2411
2 2410 2411
2 2412 2413
2 2412 2413
2 2414 2415
2 2414 2415
2 2416 2417
2 2416 2417
2 2418 2419
2 2418 2419
2 2420 2421
2 2420 2421
2 2422 2423
2 2422 2423
2 2424 2425
2 2424 2425
2 2426 2427
2 2426 2427
2 2428 2429
2 2428 2429
2 2430 2431
2 2430 2431
2 2432 2433
1 2432
2 2434 2435
1 2434
2 2436 2437
1 2436
2 2438 2439
1 2438
2 2440 2441
1 2440
2 2442 2443
1 2442
2 2444 2445
1 2444
2 2446 2447
1 2446
2 2448 2449
1 2448
2 2450 2451
1 2450
2 2452 2453
1 2452
2 2454 2455
1 2454
2 2456 2457
1 2456
2 2458 2459
1 2458
2 2460 2461
1 2460
2 2462 2463
1 2462
2 2464 2465
1 2464
2 2466 2467
1 2466
2 2468 2469
1 2468
2 2470 2471
1 2470
2 2472 2473
1 2472
2 2474 2475
1 2474
2 2476 2477
1 2476
2 2478 2479
1 2478
2 2480 2481
1 2480
2 2482 2483
1 2482
2 2484 2485
1 2484
2 2486 2487
1 2486
2 2488 2489
1 2488
2 2490 2491
1 2490
2 2492 2493
1 2492
2 2494 2495
1 2494
2 2496 2497
2 2496 2497
2 2498 2499
2 2498 2499
2 2500 2501
2 2500 2501
2 2502 2503
2 2502 2503
2 2504 2505
2 2504 2505
2 2506 2507
2 2506 2507
2 2508 2509
2 2508 2509
2 2510 2511
2 2510 2511
2 2512 2513
2 2512 2513
2 2514 2515
2 2514 2515
2 2516 2517
2 2516 2517
2 2518 2519
2 2518 2519
2 2520 2521
2 2520 2521
2 2522 2523
2 2522 2523
2 2524 2525
2 2524 2525
2 2526 2527
2 2526 2527
2 2528 2529
2 2528 2529
2 2530 2531
2 2530 2531
2 2532 2533
2 2532 2533
2 2534 2535
2 2534 2535
2 2536 2537
2 2536 2537
2 2538 2539
2 2538 2539
2 2540 2541
2 2540 2541
2 2542 2543
2 2542 2543
2 2544 2545
2 2544 2545
2 2546 2547
2 2546 2547
2 2548 2549
2 2548 2549
2 2550 2551
2 2550 2551
2 2552 2553
2 2552 2553
2 2554 2555
2 2554 2555
2 2556 2557
2 2556 2557
2 2558 2559
2 2558 2559
2 2560 2561
1 2560
2 2562 2563
1 2562
2 2564 2565
1 2564
2 2566 2567
1 2566
2 2568 2569
1 2568
2 2570 2571
1 2570
2 2572 2573
1 2572
2 2574 2575
1 2574
2 2576 2577
1 2576
2 2578 2579
1 2578
2 2580 2581
1 2580
2 2582 2583
1 2582
2 2584 2585
1 2584
2 2586 2587
1 2586
2 2588 2589
1 2588
2 2590 2591
1 2590
2 2592 2593
1 2592
2 2594 2595
1 2594
2 2596 2597
1 2596
2 2598 2599
1 2598
2 2600 2601
1 2600
2 2602 2603
1 2602
2 2604 2605
1 2604
2 2606 2607
1 2606
2 2608 2609
1 2608
2 2610 2611
1 2610
2 2612 2613
1 2612
2 2614 2615
1 2614
2 2616 2617
1 2616
2 2618 2619
1 2618
2 2620 2621
1 2620
2 2622 2623
1 2622
2 2624 2625
2 2624 2625
2 2626 2627
2 2626 2627
2 2628 2629
2 2628 2629
2 2630 2631
2 2630 2631
2 2632 2633
2 2632 2633
2 2634 2635
2 2634 2635
2 2636 2637
2 2636 2637
2 2638 2639
2 2638 2639
2 2640 2641
2 2640 2641
2 2642 2643
2 2642 2643
2 2644 2645
2 2644 2645
2 2646 2647
2 2646 2647
2 2648 2649
2 2648 2649
2 2650 2651
2 2650 2651
2 2652 2653
2 2652 2653
2 2654 2655
2 2654 2655
2 2656 2657
2 2656 2657
2 2658 2659
2 2658 2659
2 2660 2661
2 2660 2661
2 2662 2663
2 2662 2663
2 2664 2665
2 2664 2665
2 2666 2667
2 2666 2667
2 2668 2669
2 2668 2669
2 2670 2671
2 2670 2671
2 2672 2673
2 2672 2673
2 2674 2675
2 2674 2675
2 2676 2677
2 2676 2677
2 2678 2679
2 2678 2679
2 2680 2681
2 2680 2681
2 2682 2683
2 2682 2683
2 2684 2685
2 2684 2685
2 2686 2687
2 2686 2687
2 2688 2689
2 2689 2688
2 2690 2691
2 2691 2690
2 2692 2693
2 2693 2692
2 2694 2695
2 2695 2694
2 2696 2697
2 2697 2696
2 2698 2699
2 2699 2698
2 2700 2701
2 2701 2700
2 2702 2703
2 2703 2702
2 2704 2705
2 2705 2704
2 2706 2707
2 2707 2706
2 2708 2709
2 2709 2708
2 2710 2711
2 2711 2710
2 2712 2713
2 2713 2712
2 2714 2715
2 2715 2714
2 2716 2717
2 2717 2716
2 2718 2719
2 2719 2718
2 2720 2721
2 2721 2720
2 2722 2723
2 2723 2722
2 2724 2725
2 2725 2724
2 2726 2727
2 2727 2726
2 2728 2729
2 2729 2728
2 2730 2731
2 2731 2730
2 2732 2733
2 2733 2732
2 2734 2735
2 2735 2734
2 2736 2737
2 2737 2736
2 2738 2739
2 2739 2738
2 2740 2741
2 2741 2740
2 2742 2743
2 2743 2742
2 2744 2745
2 2745 2744
2 2746 2747
2 2747 2746
2 2748 2749
2 2749 2748
2 2750 2751
2 2751 2750
0
0
0
0
0
0
0
0
0
0
0
0
0
0
0
0
0
0
0
0
0
0
0
0
0
0
0
0
0
0
0
0
0
0
0
0
0
0
0
0
0
0
0
0
0
0
0
0
0
0
0
0
0
0
0
0
0
0
0
0
0
0
0
0
0 a+ 1 1 0
1 a+ 1 1 0
2 a+ 1 1 0
3 a+ 1 1 0
4 a+ 1 1 0
5 a+ 1 1 0
6 a+ 1 1 0
7 a+ 1 1 0
8 a+ 1 1 0
9 a+ 1 1 0
10 a+ 1 1 0
11 a+ 1 1 0
12 a+ 1 1 0
13 a+ 1 1 0
14 a+ 1 1 0
15 a+ 1 1 0
16 a+ 1 1 0
17 a+ 1 1 0
18 a+ 1 1 0
19 a+ 1 1 0
20 a+ 1 1 0
21 a+ 1 1 0
22 a+ 1 1 0
23 a+ 1 1 0
24 a+ 1 1 0
25 a+ 1 1 0
26 a+ 1 1 0
27 a+ 1 1 0
28 a+ 1 1 0
29 a+ 1 1 0
30 a+ 1 1 0
31 a+ 1 1 0
32 a+ 1 1 0
33 a+ 1 1 0
34 a+ 1 1 0
35 a+ 1 1 0
36 a+ 1 1 0
37 a+ 1 1 0
38 a+ 1 1 0
39 a+ 1 1 0
40 a+ 1 1 0
41 a+ 1 1 0
42 a+ 1 1 0
43 a+ 1 1 0
44 a+ 1 1 0
45 a+ 1 1 0
46 a+ 1 1 0
47 a+ 1 1 0
48 a+ 1 1 0
49 a+ 1 1 0
50 a+ 1 1 0
51 a+ 1 1 0
52 a+ 1 1 0
53 a+ 1 1 0
54 a+ 1 1 0
55 a+ 1 1 0
56 a+ 1 1 0
57 a+ 1 1 0
58 a+ 1 1 0
59 a+ 1 1 0
60 a+ 1 1 0
61 a+ 1 1 0
62 a+ 1 1 0
63 a+ 1 1 0
64 a2 2 1 0
64 a1 1 0 0
65 a2 2 0 0
65 a1 1 1 0
66 a2 2 1 0
66 a1 1 0 0
67 a2 2 0 0
67 a1 1 1 0
68 a2 2 1 0
68 a1 1 0 0
69 a2 2 0 0
69 a1 1 1 0
70 a2 2 1 0
70 a1 1 0 0
71 a2 2 0 0
71 a1 1 1 0
72 a2 2 1 0
72 a1 1 0 0
73 a2 2 0 0
73 a1 1 1 0
74 a2 2 1 0
74 a1 1 0 0
75 a2 2 0 0
75 a1 1 1 0
76 a2 2 1 0
76 a1 1 0 0
77 a2 2 0 0
77 a1 1 1 0
78 a2 2 1 0
78 a1 1 0 0
79 a2 2 0 0
79 a1 1 1 0
80 a2 2 1 0
80 a1 1 0 0
81 a2 2 0 0
81 a1 1 1 0
82 a2 2 1 0
82 a1 1 0 0
83 a2 2 0 0
83 a1 1 1 0
84 a2 2 1 0
84 a1 1 0 0
85 a2 2 0 0
85 a1 1 1 0
86 a2 2 1 0
86 a1 1 0 0
87 a2 2 0 0
87 a1 1 1 0
88 a2 2 1 0
88 a1 1 0 0
89 a2 2 0 0
89 a1 1 1 0
90 a2 2 1 0
90 a1 1 0 0
91 a2 2 0 0
91 a1 1 1 0
92 a2 2 1 0
92 a1 1 0 0
93 a2 2 0 0
93 a1 1 1 0
94 a2 2 1 0
94 a1 1 0 0
95 a2 2 0 0
95 a1 1 1 0
96 a2 2 1 0
96 a1 1 0 0
97 a2 2 0 0
97 a1 1 1 0
98 a2 2 1 0
98 a1 1 0 0
99 a2 2 0 0
99 a1 1 1 0
100 a2 2 1 0
100 a1 1 0 0
101 a2 2 0 0
101 a1 1 1 0
102 a2 2 1 0
102 a1 1 0 0
103 a2 2 0 0
103 a1 1 1 0
104 a2 2 1 0
104 a1 1 0 0
105 a2 2 0 0
105 a1 1 1 0
106 a2 2 1 0
106 a1 1 0 0
107 a2 2 0 0
107 a1 1 1 0
108 a2 2 1 0
108 a1 1 0 0
109 a2 2 0 0
109 a1 1 1 0
110 a2 2 1 0
110 a1 1 0 0
111 a2 2 0 0
111 a1 1 1 0
112 a2 2 1 0
112 a1 1 0 0
113 a2 2 0 0
113 a1 1 1 0
114 a2 2 1 0
114 a1 1 0 0
115 a2 2 0 0
115 a1 1 1 0
116 a2 2 1 0
116 a1 1 0 0
117 a2 2 0 0
117 a1 1 1 0
118 a2 2 1 0
118 a1 1 0 0
119 a2 2 0 0
119 a1 1 1 0
120 a2 2 1 0
120 a1 1 0 0
121 a2 2 0 0
121 a1 1 1 0
122 a2 2 1 0
122 a1 1 0 0
123 a2 2 0 0
123 a1 1 1 0
124 a2 2 1 0
124 a1 1 0 0
125 a2 2 0 0
125 a1 1 1 0
126 a2 2 1 0
126 a1 1 0 0
127 a2 2 0 0
127 a1 1 1 0
128 a+ 1 1 0
129 a+ 1 1 0
130 a+ 1 1 0
131 a+ 1 1 0
132 a+ 1 1 0
133 a+ 1 1 0
134 a+ 1 1 0
135 a+ 1 1 0
136 a+ 1 1 0
137 a+ 1 1 0
138 a+ 1 1 0
139 a+ 1 1 0
140 a+ 1 1 0
141 a+ 1 1 0
142 a+ 1 1 0
143 a+ 1 1 0
144 a+ 1 1 0
145 a+ 1 1 0
146 a+ 1 1 0
147 a+ 1 1 0
148 a+ 1 1 0
149 a+ 1 1 0
150 a+ 1 1 0
151 a+ 1 1 0
152 a+ 1 1 0
153 a+ 1 1 0
154 a+ 1 1 0
155 a+ 1 1 0
156 a+ 1 1 0
157 a+ 1 1 0
158 a+ 1 1 0
159 a+ 1 1 0
160 a+ 1 1 0
161 a+ 1 1 0
162 a+ 1 1 0
163 a+ 1 1 0
164 a+ 1 1 0
165 a+ 1 1 0
166 a+ 1 1 0
167 a+ 1 1 0
168 a+ 1 1 0
169 a+ 1 1 0
170 a+ 1 1 0
171 a+ 1 1 0
172 a+ 1 1 0
173 a+ 1 1 0
174 a+ 1 1 0
175 a+ 1 1 0
176 a+ 1 1 0
177 a+ 1 1 0
178 a+ 1 1 0
179 a+ 1 1 0
180 a+ 1 1 0
181 a+ 1 1 0
182 a+ 1 1 0
183 a+ 1 1 0
184 a+ 1 1 0
185 a+ 1 1 0
186 a+ 1 1 0
187 a+ 1 1 0
188 a+ 1 1 0
189 a+ 1 1 0
190 a+ 1 1 0
191 a+ 1 1 0
192 a2 2 1 0
192 a1 1 0 0
193 a2 2 0 0
193 a1 1 1 0
194 a2 2 1 0
194 a1 1 0 0
195 a2 2 0 0
195 a1 1 1 0
196 a2 2 1 0
196 a1 1 0 0
197 a2 2 0 0
197 a1 1 1 0
198 a2 2 1 0
198 a1 1 0 0
199 a2 2 0 0
199 a1 1 1 0
200 a2 2 1 0
200 a1 1 0 0
201 a2 2 0 0
201 a1 1 1 0
202 a2 2 1 0
202 a1 1 0 0
203 a2 2 0 0
203 a1 1 1 0
204 a2 2 1 0
204 a1 1 0 0
205 a2 2 0 0
205 a1 1 1 0
206 a2 2 1 0
206 a1 1 0 0
207 a2 2 0 0
207 a1 1 1 0
208 a2 2 1 0
208 a1 1 0 0
209 a2 2 0 0
209 a1 1 1 0
210 a2 2 1 0
210 a1 1 0 0
211 a2 2 0 0
211 a1 1 1 0
212 a2 2 1 0
212 a1 1 0 0
213 a2 2 0 0
213 a1 1 1 0
214 a2 2 1 0
214 a1 1 0 0
215 a2 2 0 0
215 a1 1 1 0
216 a2 2 1 0
216 a1 1 0 0
217 a2 2 0 0
217 a1 1 1 0
218 a2 2 1 0
218 a1 1 0 0
219 a2 2 0 0
219 a1 1 1 0
220 a2 2 1 0
220 a1 1 0 0
221 a2 2 0 0
221 a1 1 1 0
222 a2 2 1 0
222 a1 1 0 0
223 a2 2 0 0
223 a1 1 1 0
224 a2 2 1 0
224 a1 1 0 0
225 a2 2 0 0
225 a1 1 1 0
226 a2 2 1 0
226 a1 1 0 0
227 a2 2 0 0
227 a1 1 1 0
228 a2 2 1 0
228 a1 1 0 0
229 a2 2 0 0
229 a1 1 1 0
230 a2 2 1 0
230 a1 1 0 0
231 a2 2 0 0
231 a1 1 1 0
232 a2 2 1 0
232 a1 1 0 0
233 a2 2 0 0
233 a1 1 1 0
234 a2 2 1 0
234 a1 1 0 0
235 a2 2 0 0
235 a1 1 1 0
236 a2 2 1 0
236 a1 1 0 0
237 a2 2 0 0
237 a1 1 1 0
238 a2 2 1 0
238 a1 1 0 0
239 a2 2 0 0
239 a1 1 1 0
240 a2 2 1 0
240 a1 1 0 0
241 a2 2 0 0
241 a1 1 1 0
242 a2 2 1 0
242 a1 1 0 0
243 a2 2 0 0
243 a1 1 1 0
244 a2 2 1 0
244 a1 1 0 0
245 a2 2 0 0
245 a1 1 1 0
246 a2 2 1 0
246 a1 1 0 0
247 a2 2 0 0
247 a1 1 1 0
248 a2 2 1 0
248 a1 1 0 0
249 a2 2 0 0
249 a1 1 1 0
250 a2 2 1 0
250 a1 1 0 0
251 a2 2 0 0
251 a1 1 1 0
252 a2 2 1 0
252 a1 1 0 0
253 a2 2 0 0
253 a1 1 1 0
254 a2 2 1 0
254 a1 1 0 0
255 a2 2 0 0
255 a1 1 1 0
256 a+ 1 1 0
257 a+ 1 1 0
258 a+ 1 1 0
259 a+ 1 1 0
260 a+ 1 1 0
261 a+ 1 1 0
262 a+ 1 1 0
263 a+ 1 1 0
264 a+ 1 1 0
265 a+ 1 1 0
266 a+ 1 1 0
267 a+ 1 1 0
268 a+ 1 1 0
269 a+ 1 1 0
270 a+ 1 1 0
271 a+ 1 1 0
272 a+ 1 1 0
273 a+ 1 1 0
274 a+ 1 1 0
275 a+ 1 1 0
276 a+ 1 1 0
277 a+ 1 1 0
278 a+ 1 1 0
279 a+ 1 1 0
280 a+ 1 1 0
281 a+ 1 1 0
282 a+ 1 1 0
283 a+ 1 1 0
284 a+ 1 1 0
285 a+ 1 1 0
286 a+ 1 1 0
287 a+ 1 1 0
288 a+ 1 1 0
289 a+ 1 1 0
290 a+ 1 1 0
291 a+ 1 1 0
292 a+ 1 1 0
293 a+ 1 1 0
294 a+ 1 1 0
295 a+ 1 1 0
296 a+ 1 1 0
297 a+ 1 1 0
298 a+ 1 1 0
299 a+ 1 1 0
300 a+ 1 1 0
301 a+ 1 1 0
302 a+ 1 1 0
303 a+ 1 1 0
304 a+ 1 1 0
305 a+ 1 1 0
306 a+ 1 1 0
307 a+ 1 1 0
308 a+ 1 1 0
309 a+ 1 1 0
310 a+ 1 1 0
311 a+ 1 1 0
312 a+ 1 1 0
313 a+ 1 1 0
314 a+ 1 1 0
315 a+ 1 1 0
316 a+ 1 1 0
317 a+ 1 1 0
318 a+ 1 1 0
319 a+ 1 1 0
320 a2 2 1 0
320 a1 1 0 0
321 a2 2 0 0
321 a1 1 1 0
322 a2 2 1 0
322 a1 1 0 0
323 a2 2 0 0
323 a1 1 1 0
324 a2 2 1 0
324 a1 1 0 0
325 a2 2 0 0
325 a1 1 1 0
326 a2 2 1 0
326 a1 1 0 0
327 a2 2 0 0
327 a1 1 1 0
328 a2 2 1 0
328 a1 1 0 0
329 a2 2 0 0
329 a1 1 1 0
330 a2 2 1 0
330 a1 1 0 0
331 a2 2 0 0
331 a1 1 1 0
332 a2 2 1 0
332 a1 1 0 0
333 a2 2 0 0
333 a1 1 1 0
334 a2 2 1 0
334 a1 1 0 0
335 a2 2 0 0
335 a1 1 1 0
336 a2 2 1 0
336 a1 1 0 0
337 a2 2 0 0
337 a1 1 1 0
338 a2 2 1 0
338 a1 1 0 0
339 a2 2 0 0
339 a1 1 1 0
340 a2 2 1 0
340 a1 1 0 0
341 a2 2 0 0
341 a1 1 1 0
342 a2 2 1 0
342 a1 1 0 0
343 a2 2 0 0
343 a1 1 1 0
344 a2 2 1 0
344 a1 1 0 0
345 a2 2 0 0
345 a1 1 1 0
346 a2 2 1 0
346 a1 1 0 0
347 a2 2 0 0
347 a1 1 1 0
348 a2 2 1 0
348 a1 1 0 0
349 a2 2 0 0
349 a1 1 1 0
350 a2 2 1 0
350 a1 1 0 0
351 a2 2 0 0
351 a1 1 1 0
352 a2 2 1 0
352 a1 1 0 0
353 a2 2 0 0
353 a1 1 1 0
354 a2 2 1 0
354 a1 1 0 0
355 a2 2 0 0
355 a1 1 1 0
356 a2 2 1 0
356 a1 1 0 0
357 a2 2 0 0
357 a1 1 1 0
358 a2 2 1 0
358 a1 1 0 0
359 a2 2 0 0
359 a1 1 1 0
360 a2 2 1 0
360 a1 1 0 0
361 a2 2 0 0
361 a1 1 1 0
362 a2 2 1 0
362 a1 1 0 0
363 a2 2 0 0
363 a1 1 1 0
364 a2 2 1 0
364 a1 1 0 0
365 a2 2 0 0
365 a1 1 1 0
366 a2 2 1 0
366 a1 1 0 0
367 a2 2 0 0
367 a1 1 1 0
368 a2 2 1 0
368 a1 1 0 0
369 a2 2 0 0
369 a1 1 1 0
370 a2 2 1 0
370 a1 1 0 0
371 a2 2 0 0
371 a1 1 1 0
372 a2 2 1 0
372 a1 1 0 0
373 a2 2 0 0
373 a1 1 1 0
374 a2 2 1 0
374 a1 1 0 0
375 a2 2 0 0
375 a1 1 1 0
376 a2 2 1 0
376 a1 1 0 0
377 a2 2 0 0
377 a1 1 1 0
378 a2 2 1 0
378 a1 1 0 0
379 a2 2 0 0
379 a1 1 1 0
380 a2 2 1 0
380 a1 1 0 0
381 a2 2 0 0
381 a1 1 1 0
382 a2 2 1 0
382 a1 1 0 0
383 a2 2 0 0
383 a1 1 1 0
384 a+ 1 1 0
385 a+ 1 1 0
386 a+ 1 1 0
387 a+ 1 1 0
388 a+ 1 1 0
389 a+ 1 1 0
390 a+ 1 1 0
391 a+ 1 1 0
392 a+ 1 1 0
393 a+ 1 1 0
394 a+ 1 1 0
395 a+ 1 1 0
396 a+ 1 1 0
397 a+ 1 1 0
398 a+ 1 1 0
399 a+ 1 1 0
400 a+ 1 1 0
401 a+ 1 1 0
402 a+ 1 1 0
403 a+ 1 1 0
404 a+ 1 1 0
405 a+ 1 1 0
406 a+ 1 1 0
407 a+ 1 1 0
408 a+ 1 1 0
409 a+ 1 1 0
410 a+ 1 1 0
411 a+ 1 1 0
412 a+ 1 1 0
413 a+ 1 1 0
414 a+ 1 1 0
415 a+ 1 1 0
416 a+ 1 1 0
417 a+ 1 1 0
418 a+ 1 1 0
419 a+ 1 1 0
420 a+ 1 1 0
421 a+ 1 1 0
422 a+ 1 1 0
423 a+ 1 1 0
424 a+ 1 1 0
425 a+ 1 1 0
426 a+ 1 1 0
427 a+ 1 1 0
428 a+ 1 1 0
429 a+ 1 1 0
430 a+ 1 1 0
431 a+ 1 1 0
432 a+ 1 1 0
433 a+ 1 1 0
434 a+ 1 1 0
435 a+ 1 1 0
436 a+ 1 1 0
437 a+ 1 1 0
438 a+ 1 1 0
439 a+ 1 1 0
440 a+ 1 1 0
441 a+ 1 1 0
442 a+ 1 1 0
443 a+ 1 1 0
444 a+ 1 1 0
445 a+ 1 1 0
446 a+ 1 1 0
447 a+ 1 1 0
448 a2 2 1 0
448 a1 1 0 0
449 a2 2 0 0
449 a1 1 1 0
450 a2 2 1 0
450 a1 1 0 0
451 a2 2 0 0
451 a1 1 1 0
452 a2 2 1 0
452 a1 1 0 0
453 a2 2 0 0
453 a1 1 1 0
454 a2 2 1 0
454 a1 1 0 0
455 a2 2 0 0
455 a1 1 1 0
456 a2 2 1 0
456 a1 1 0 0
457 a2 2 0 0
457 a1 1 1 0
458 a2 2 1 0
458 a1 1 0 0
459 a2 2 0 0
459 a1 1 1 0
460 a2 2 1 0
460 a1 1 0 0
461 a2 2 0 0
461 a1 1 1 0
462 a2 2 1 0
462 a1 1 0 0
463 a2 2 0 0
463 a1 1 1 0
464 a2 2 1 0
464 a1 1 0 0
465 a2 2 0 0
465 a1 1 1 0
466 a2 2 1 0
466 a1 1 0 0
467 a2 2 0 0
467 a1 1 1 0
468 a2 2 1 0
468 a1 1 0 0
469 a2 2 0 0
469 a1 1 1 0
470 a2 2 1 0
470 a1 1 0 0
471 a2 2 0 0
471 a1 1 1 0
472 a2 2 1 0
472 a1 1 0 0
473 a2 2 0 0
473 a1 1 1 0
474 a2 2 1 0
474 a1 1 0 0
475 a2 2 0 0
475 a1 1 1 0
476 a2 2 1 0
476 a1 1 0 0
477 a2 2 0 0
477 a1 1 1 0
478 a2 2 1 0
478 a1 1 0 0
479 a2 2 0 0
479 a1 1 1 0
480 a2 2 1 0
480 a1 1 0 0
481 a2 2 0 0
481 a1 1 1 0
482 a2 2 1 0
482 a1 1 0 0
483 a2 2 0 0
483 a1 1 1 0
484 a2 2 1 0
484 a1 1 0 0
485 a2 2 0 0
485 a1 1 1 0
486 a2 2 1 0
486 a1 1 0 0
487 a2 2 0 0
487 a1 1 1 0
488 a2 2 1 0
488 a1 1 0 0
489 a2 2 0 0
489 a1 1 1 0
490 a2 2 1 0
490 a1 1 0 0
491 a2 2 0 0
491 a1 1 1 0
492 a2 2 1 0
492 a1 1 0 0
493 a2 2 0 0
493 a1 1 1 0
494 a2 2 1 0
494 a1 1 0 0
495 a2 2 0 0
495 a1 1 1 0
496 a2 2 1 0
496 a1 1 0 0
497 a2 2 0 0
497 a1 1 1 0
498 a2 2 1 0
498 a1 1 0 0
499 a2 2 0 0
499 a1 1 1 0
500 a2 2 1 0
500 a1 1 0 0
501 a2 2 0 0
501 a1 1 1 0
502 a2 2 1 0
502 a1 1 0 0
503 a2 2 0 0
503 a1 1 1 0
504 a2 2 1 0
504 a1 1 0 0
505 a2 2 0 0
505 a1 1 1 0
506 a2 2 1 0
506 a1 1 0 0
507 a2 2 0 0
507 a1 1 1 0
508 a2 2 1 0
508 a1 1 0 0
509 a2 2 0 0
509 a1 1 1 0
510 a2 2 1 0
510 a1 1 0 0
511 a2 2 0 0
511 a1 1 1 0
512 a+ 1 1 0
513 a+ 1 1 0
514 a+ 1 1 0
515 a+ 1 1 0
516 a+ 1 1 0
517 a+ 1 1 0
518 a+ 1 1 0
519 a+ 1 1 0
520 a+ 1 1 0
521 a+ 1 1 0
522 a+ 1 1 0
523 a+ 1 1 0
524 a+ 1 1 0
525 a+ 1 1 0
526 a+ 1 1 0
527 a+ 1 1 0
528 a+ 1 1 0
529 a+ 1 1 0
530 a+ 1 1 0
531 a+ 1 1 0
532 a+ 1 1 0
533 a+ 1 1 0
534 a+ 1 1 0
535 a+ 1 1 0
536 a+ 1 1 0
537 a+ 1 1 0
538 a+ 1 1 0
539 a+ 1 1 0
540 a+ 1 1 0
541 a+ 1 1 0
542 a+ 1 1 0
543 a+ 1 1 0
544 a+ 1 1 0
545 a+ 1 1 0
546 a+ 1 1 0
547 a+ 1 1 0
548 a+ 1 1 0
549 a+ 1 1 0
550 a+ 1 1 0
551 a+ 1 1 0
552 a+ 1 1 0
553 a+ 1 1 0
554 a+ 1 1 0
555 a+ 1 1 0
556 a+ 1 1 0
557 a+ 1 1 0
558 a+ 1 1 0
559 a+ 1 1 0
560 a+ 1 1 0
561 a+ 1 1 0
562 a+ 1 1 0
563 a+ 1 1 0
564 a+ 1 1 0
565 a+ 1 1 0
566 a+ 1 1 0
567 a+ 1 1 0
568 a+ 1 1 0
569 a+ 1 1 0
570 a+ 1 1 0
571 a+ 1 1 0
572 a+ 1 1 0
573 a+ 1 1 0
574 a+ 1 1 0
575 a+ 1 1 0
576 a2 2 1 0
576 a1 1 0 0
577 a2 2 0 0
577 a1 1 1 0
578 a2 2 1 0
578 a1 1 0 0
579 a2 2 0 0
579 a1 1 1 0
580 a2 2 1 0
580 a1 1 0 0
581 a2 2 0 0
581 a1 1 1 0
582 a2 2 1 0
582 a1 1 0 0
583 a2 2 0 0
583 a1 1 1 0
584 a2 2 1 0
584 a1 1 0 0
585 a2 2 0 0
585 a1 1 1 0
586 a2 2 1 0
586 a1 1 0 0
587 a2 2 0 0
587 a1 1 1 0
588 a2 2 1 0
588 a1 1 0 0
589 a2 2 0 0
589 a1 1 1 0
590 a2 2 1 0
590 a1 1 0 0
591 a2 2 0 0
591 a1 1 1 0
592 a2 2 1 0
592 a1 1 0 0
593 a2 2 0 0
593 a1 1 1 0
594 a2 2 1 0
594 a1 1 0 0
595 a2 2 0 0
595 a1 1 1 0
596 a2 2 1 0
596 a1 1 0 0
597 a2 2 0 0
597 a1 1 1 0
598 a2 2 1 0
598 a1 1 0 0
599 a2 2 0 0
599 a1 1 1 0
600 a2 2 1 0
600 a1 1 0 0
601 a2 2 0 0
601 a1 1 1 0
602 a2 2 1 0
602 a1 1 0 0
603 a2 2 0 0
603 a1 1 1 0
604 a2 2 1 0
604 a1 1 0 0
605 a2 2 0 0
605 a1 1 1 0
606 a2 2 1 0
606 a1 1 0 0
607 a2 2 0 0
607 a1 1 1 0
608 a2 2 1 0
608 a1 1 0 0
609 a2 2 0 0
609 a1 1 1 0
610 a2 2 1 0
610 a1 1 0 0
611 a2 2 0 0
611 a1 1 1 0
612 a2 2 1 0
612 a1 1 0 0
613 a2 2 0 0
613 a1 1 1 0
614 a2 2 1 0
614 a1 1 0 0
615 a2 2 0 0
615 a1 1 1 0
616 a2 2 1 0
616 a1 1 0 0
617 a2 2 0 0
617 a1 1 1 0
618 a2 2 1 0
618 a1 1 0 0
619 a2 2 0 0
619 a1 1 1 0
620 a2 2 1 0
620 a1 1 0 0
621 a2 2 0 0
621 a1 1 1 0
622 a2 2 1 0
622 a1 1 0 0
623 a2 2 0 0
623 a1 1 1 0
624 a2 2 1 0
624 a1 1 0 0
625 a2 2 0 0
625 a1 1 1 0
626 a2 2 1 0
626 a1 1 0 0
627 a2 2 0 0
627 a1 1 1 0
628 a2 2 1 0
628 a1 1 0 0
629 a2 2 0 0
629 a1 1 1 0
630 a2 2 1 0
630 a1 1 0 0
631 a2 2 0 0
631 a1 1 1 0
632 a2 2 1 0
632 a1 1 0 0
633 a2 2 0 0
633 a1 1 1 0
634 a2 2 1 0
634 a1 1 0 0
635 a2 2 0 0
635 a1 1 1 0
636 a2 2 1 0
636 a1 1 0 0
637 a2 2 0 0
637 a1 1 1 0
638 a2 2 1 0
638 a1 1 0 0
639 a2 2 0 0
639 a1 1 1 0
640 a+ 1 1 0
641 a+ 1 1 0
642 a+ 1 1 0
643 a+ 1 1 0
644 a+ 1 1 0
645 a+ 1 1 0
646 a+ 1 1 0
647 a+ 1 1 0
648 a+ 1 1 0
649 a+ 1 1 0
650 a+ 1 1 0
651 a+ 1 1 0
652 a+ 1 1 0
653 a+ 1 1 0
654 a+ 1 1 0
655 a+ 1 1 0
656 a+ 1 1 0
657 a+ 1 1 0
658 a+ 1 1 0
659 a+ 1 1 0
660 a+ 1 1 0
661 a+ 1 1 0
662 a+ 1 1 0
663 a+ 1 1 0
664 a+ 1 1 0
665 a+ 1 1 0
666 a+ 1 1 0
667 a+ 1 1 0
668 a+ 1 1 0
669 a+ 1 1 0
670 a+ 1 1 0
671 a+ 1 1 0
672 a+ 1 1 0
673 a+ 1 1 0
674 a+ 1 1 0
675 a+ 1 1 0
676 a+ 1 1 0
677 a+ 1 1 0
678 a+ 1 1 0
679 a+ 1 1 0
680 a+ 1 1 0
681 a+ 1 1 0
682 a+ 1 1 0
683 a+ 1 1 0
684 a+ 1 1 0
685 a+ 1 1 0
686 a+ 1 1 0
687 a+ 1 1 0
688 a+ 1 1 0
689 a+ 1 1 0
690 a+ 1 1 0
691 a+ 1 1 0
692 a+ 1 1 0
693 a+ 1 1 0
694 a+ 1 1 0
695 a+ 1 1 0
696 a+ 1 1 0
697 a+ 1 1 0
698 a+ 1 1 0
699 a+ 1 1 0
700 a+ 1 1 0
701 a+ 1 1 0
702 a+ 1 1 0
703 a+ 1 1 0
704 a2 2 1 0
704 a1 1 0 0
705 a2 2 0 0
705 a1 1 1 0
706 a2 2 1 0
706 a1 1 0 0
707 a2 2 0 0
707 a1 1 1 0
708 a2 2 1 0
708 a1 1 0 0
709 a2 2 0 0
709 a1 1 1 0
710 a2 2 1 0
710 a1 1 0 0
711 a2 2 0 0
711 a1 1 1 0
712 a2 2 1 0
712 a1 1 0 0
713 a2 2 0 0
713 a1 1 1 0
714 a2 2 1 0
714 a1 1 0 0
715 a2 2 0 0
715 a1 1 1 0
716 a2 2 1 0
716 a1 1 0 0
717 a2 2 0 0
717 a1 1 1 0
718 a2 2 1 0
718 a1 1 0 0
719 a2 2 0 0
719 a1 1 1 0
720 a2 2 1 0
720 a1 1 0 0
721 a2 2 0 0
721 a1 1 1 0
722 a2 2 1 0
722 a1 1 0 0
723 a2 2 0 0
723 a1 1 1 0
724 a2 2 1 0
724 a1 1 0 0
725 a2 2 0 0
725 a1 1 1 0
726 a2 2 1 0
726 a1 1 0 0
727 a2 2 0 0
727 a1 1 1 0
728 a2 2 1 0
728 a1 1 0 0
729 a2 2 0 0
729 a1 1 1 0
730 a2 2 1 0
730 a1 1 0 0
731 a2 2 0 0
731 a1 1 1 0
732 a2 2 1 0
732 a1 1 0 0
733 a2 2 0 0
733 a1 1 1 0
734 a2 2 1 0
734 a1 1 0 0
735 a2 2 0 0
735 a1 1 1 0
736 a2 2 1 0
736 a1 1 0 0
737 a2 2 0 0
737 a1 1 1 0
738 a2 2 1 0
738 a1 1 0 0
739 a2 2 0 0
739 a1 1 1 0
740 a2 2 1 0
740 a1 1 0 0
741 a2 2 0 0
741 a1 1 1 0
742 a2 2 1 0
742 a1 1 0 0
743 a2 2 0 0
743 a1 1 1 0
744 a2 2 1 0
744 a1 1 0 0
745 a2 2 0 0
745 a1 1 1 0
746 a2 2 1 0
746 a1 1 0 0
747 a2 2 0 0
747 a1 1 1 0
748 a2 2 1 0
748 a1 1 0 0
749 a2 2 0 0
749 a1 1 1 0
750 a2 2 1 0
750 a1 1 0 0
751 a2 2 0 0
751 a1 1 1 0
752 a2 2 1 0
752 a1 1 0 0
753 a2 2 0 0
753 a1 1 1 0
754 a2 2 1 0
754 a1 1 0 0
755 a2 2 0 0
755 a1 1 1 0
756 a2 2 1 0
756 a1 1 0 0
757 a2 2 0 0
757 a1 1 1 0
758 a2 2 1 0
758 a1 1 0 0
759 a2 2 0 0
759 a1 1 1 0
760 a2 2 1 0
760 a1 1 0 0
761 a2 2 0 0
761 a1 1 1 0
762 a2 2 1 0
762 a1 1 0 0
763 a2 2 0 0
763 a1 1 1 0
764 a2 2 1 0
764 a1 1 0 0
765 a2 2 0 0
765 a1 1 1 0
766 a2 2 1 0
766 a1 1 0 0
767 a2 2 0 0
767 a1 1 1 0
768 a+ 1 1 0
769 a+ 1 1 0
770 a+ 1 1 0
771 a+ 1 1 0
772 a+ 1 1 0
773 a+ 1 1 0
774 a+ 1 1 0
775 a+ 1 1 0
776 a+ 1 1 0
777 a+ 1 1 0
778 a+ 1 1 0
779 a+ 1 1 0
780 a+ 1 1 0
781 a+ 1 1 0
782 a+ 1 1 0
783 a+ 1 1 0
784 a+ 1 1 0
785 a+ 1 1 0
786 a+ 1 1 0
787 a+ 1 1 0
788 a+ 1 1 0
789 a+ 1 1 0
790 a+ 1 1 0
791 a+ 1 1 0
792 a+ 1 1 0
793 a+ 1 1 0
794 a+ 1 1 0
795 a+ 1 1 0
796 a+ 1 1 0
797 a+ 1 1 0
798 a+ 1 1 0
799 a+ 1 1 0
800 a+ 1 1 0
801 a+ 1 1 0
802 a+ 1 1 0
803 a+ 1 1 0
804 a+ 1 1 0
805 a+ 1 1 0
806 a+ 1 1 0
807 a+ 1 1 0
808 a+ 1 1 0
809 a+ 1 1 0
810 a+ 1 1 0
811 a+ 1 1 0
812 a+ 1 1 0
813 a+ 1 1 0
814 a+ 1 1 0
815 a+ 1 1 0
816 a+ 1 1 0
817 a+ 1 1 0
818 a+ 1 1 0
819 a+ 1 1 0
820 a+ 1 1 0
821 a+ 1 1 0
822 a+ 1 1 0
823 a+ 1 1 0
824 a+ 1 1 0
825 a+ 1 1 0
826 a+ 1 1 0
827 a+ 1 1 0
828 a+ 1 1 0
829 a+ 1 1 0
830 a+ 1 1 0
831 a+ 1 1 0
832 a2 2 1 0
832 a1 1 0 0
833 a2 2 0 0
833 a1 1 1 0
834 a2 2 1 0
834 a1 1 0 0
835 a2 2 0 0
835 a1 1 1 0
836 a2 2 1 0
836 a1 1 0 0
837 a2 2 0 0
837 a1 1 1 0
838 a2 2 1 0
838 a1 1 0 0
839 a2 2 0 0
839 a1 1 1 0
840 a2 2 1 0
840 a1 1 0 0
841 a2 2 0 0
841 a1 1 1 0
842 a2 2 1 0
842 a1 1 0 0
843 a2 2 0 0
843 a1 1 1 0
844 a2 2 1 0
844 a1 1 0 0
845 a2 2 0 0
845 a1 1 1 0
846 a2 2 1 0
846 a1 1 0 0
847 a2 2 0 0
847 a1 1 1 0
848 a2 2 1 0
848 a1 1 0 0
849 a2 2 0 0
849 a1 1 1 0
850 a2 2 1 0
850 a1 1 0 0
851 a2 2 0 0
851 a1 1 1 0
852 a2 2 1 0
852 a1 1 0 0
853 a2 2 0 0
853 a1 1 1 0
854 a2 2 1 0
854 a1 1 0 0
855 a2 2 0 0
855 a1 1 1 0
856 a2 2 1 0
856 a1 1 0 0
857 a2 2 0 0
857 a1 1 1 0
858 a2 2 1 0
858 a1 1 0 0
859 a2 2 0 0
859 a1 1 1 0
860 a2 2 1 0
860 a1 1 0 0
861 a2 2 0 0
861 a1 1 1 0
862 a2 2 1 0
862 a1 1 0 0
863 a2 2 0 0
863 a1 1 1 0
864 a2 2 1 0
864 a1 1 0 0
865 a2 2 0 0
865 a1 1 1 0
866 a2 2 1 0
866 a1 1 0 0
867 a2 2 0 0
867 a1 1 1 0
868 a2 2 1 0
868 a1 1 0 0
869 a2 2 0 0
869 a1 1 1 0
870 a2 2 1 0
870 a1 1 0 0
871 a2 2 0 0
871 a1 1 1 0
872 a2 2 1 0
872 a1 1 0 0
873 a2 2 0 0
873 a1 1 1 0
874 a2 2 1 0
874 a1 1 0 0
875 a2 2 0 0
875 a1 1 1 0
876 a2 2 1 0
876 a1 1 0 0
877 a2 2 0 0
877 a1 1 1 0
878 a2 2 1 0
878 a1 1 0 0
879 a2 2 0 0
879 a1 1 1 0
880 a2 2 1 0
880 a1 1 0 0
881 a2 2 0 0
881 a1 1 1 0
882 a2 2 1 0
882 a1 1 0 0
883 a2 2 0 0
883 a1 1 1 0
884 a2 2 1 0
884 a1 1 0 0
885 a2 2 0 0
885 a1 1 1 0
886 a2 2 1 0
886 a1 1 0 0
887 a2 2 0 0
887 a1 1 1 0
888 a2 2 1 0
888 a1 1 0 0
889 a2 2 0 0
889 a1 1 1 0
890 a2 2 1 0
890 a1 1 0 0
891 a2 2 0 0
891 a1 1 1 0
892 a2 2 1 0
892 a1 1 0 0
893 a2 2 0 0
893 a1 1 1 0
894 a2 2 1 0
894 a1 1 0 0
895 a2 2 0 0
895 a1 1 1 0
896 a+ 1 1 0
897 a+ 1 1 0
898 a+ 1 1 0
899 a+ 1 1 0
900 a+ 1 1 0
901 a+ 1 1 0
902 a+ 1 1 0
903 a+ 1 1 0
904 a+ 1 1 0
905 a+ 1 1 0
906 a+ 1 1 0
907 a+ 1 1 0
908 a+ 1 1 0
909 a+ 1 1 0
910 a+ 1 1 0
911 a+ 1 1 0
912 a+ 1 1 0
913 a+ 1 1 0
914 a+ 1 1 0
915 a+ 1 1 0
916 a+ 1 1 0
917 a+ 1 1 0
918 a+ 1 1 0
919 a+ 1 1 0
920 a+ 1 1 0
921 a+ 1 1 0
922 a+ 1 1 0
923 a+ 1 1 0
924 a+ 1 1 0
925 a+ 1 1 0
926 a+ 1 1 0
927 a+ 1 1 0
928 a+ 1 1 0
929 a+ 1 1 0
930 a+ 1 1 0
931 a+ 1 1 0
932 a+ 1 1 0
933 a+ 1 1 0
934 a+ 1 1 0
935 a+ 1 1 0
936 a+ 1 1 0
937 a+ 1 1 0
938 a+ 1 1 0
939 a+ 1 1 0
940 a+ 1 1 0
941 a+ 1 1 0
942 a+ 1 1 0
943 a+ 1 1 0
944 a+ 1 1 0
945 a+ 1 1 0
946 a+ 1 1 0
947 a+ 1 1 0
948 a+ 1 1 0
949 a+ 1 1 0
950 a+ 1 1 0
951 a+ 1 1 0
952 a+ 1 1 0
953 a+ 1 1 0
954 a+ 1 1 0
955 a+ 1 1 0
956 a+ 1 1 0
957 a+ 1 1 0
958 a+ 1 1 0
959 a+ 1 1 0
960 a2 2 1 0
960 a1 1 0 0
961 a2 2 0 0
961 a1 1 1 0
962 a2 2 1 0
962 a1 1 0 0
963 a2 2 0 0
963 a1 1 1 0
964 a2 2 1 0
964 a1 1 0 0
965 a2 2 0 0
965 a1 1 1 0
966 a2 2 1 0
966 a1 1 0 0
967 a2 2 0 0
967 a1 1 1 0
968 a2 2 1 0
968 a1 1 0 0
969 a2 2 0 0
969 a1 1 1 0
970 a2 2 1 0
970 a1 1 0 0
971 a2 2 0 0
971 a1 1 1 0
972 a2 2 1 0
972 a1 1 0 0
973 a2 2 0 0
973 a1 1 1 0
974 a2 2 1 0
974 a1 1 0 0
975 a2 2 0 0
975 a1 1 1 0
976 a2 2 1 0
976 a1 1 0 0
977 a2 2 0 0
977 a1 1 1 0
978 a2 2 1 0
978 a1 1 0 0
979 a2 2 0 0
979 a1 1 1 0
980 a2 2 1 0
980 a1 1 0 0
981 a2 2 0 0
981 a1 1 1 0
982 a2 2 1 0
982 a1 1 0 0
983 a2 2 0 0
983 a1 1 1 0
984 a2 2 1 0
984 a1 1 0 0
985 a2 2 0 0
985 a1 1 1 0
986 a2 2 1 0
986 a1 1 0 0
987 a2 2 0 0
987 a1 1 1 0
988 a2 2 1 0
988 a1 1 0 0
989 a2 2 0 0
989 a1 1 1 0
990 a2 2 1 0
990 a1 1 0 0
991 a2 2 0 0
991 a1 1 1 0
992 a2 2 1 0
992 a1 1 0 0
993 a2 2 0 0
993 a1 1 1 0
994 a2 2 1 0
994 a1 1 0 0
995 a2 2 0 0
995 a1 1 1 0
996 a2 2 1 0
996 a1 1 0 0
997 a2 2 0 0
997 a1 1 1 0
998 a2 2 1 0
998 a1 1 0 0
999 a2 2 0 0
999 a1 1 1 0
1000 a2 2 1 0
1000 a1 1 0 0
1001 a2 2 0 0
1001 a1 1 1 0
1002 a2 2 1 0
1002 a1 1 0 0
1003 a2 2 0 0
1003 a1 1 1 0
1004 a2 2 1 0
1004 a1 1 0 0
1005 a2 2 0 0
1005 a1 1 1 0
1006 a2 2 1 0
1006 a1 1 0 0
1007 a2 2 0 0
1007 a1 1 1 0
1008 a2 2 1 0
1008 a1 1 0 0
1009 a2 2 0 0
1009 a1 1 1 0
1010 a2 2 1 0
1010 a1 1 0 0
1011 a2 2 0 0
1011 a1 1 1 0
1012 a2 2 1 0
1012 a1 1 0 0
1013 a2 2 0 0
1013 a1 1 1 0
1014 a2 2 1 0
1014 a1 1 0 0
1015 a2 2 0 0
1015 a1 1 1 0
1016 a2 2 1 0
1016 a1 1 0 0
1017 a2 2 0 0
1017 a1 1 1 0
1018 a2 2 1 0
1018 a1 1 0 0
1019 a2 2 0 0
1019 a1 1 1 0
1020 a2 2 1 0
1020 a1 1 0 0
1021 a2 2 0 0
1021 a1 1 1 0
1022 a2 2 1 0
1022 a1 1 0 0
1023 a2 2 0 0
1023 a1 1 1 0
1024 a+ 1 1 0
1025 a+ 1 1 0
1026 a+ 1 1 0
1027 a+ 1 1 0
1028 a+ 1 1 0
1029 a+ 1 1 0
1030 a+ 1 1 0
1031 a+ 1 1 0
1032 a+ 1 1 0
1033 a+ 1 1 0
1034 a+ 1 1 0
1035 a+ 1 1 0
1036 a+ 1 1 0
1037 a+ 1 1 0
1038 a+ 1 1 0
1039 a+ 1 1 0
1040 a+ 1 1 0
1041 a+ 1 1 0
1042 a+ 1 1 0
1043 a+ 1 1 0
1044 a+ 1 1 0
1045 a+ 1 1 0
1046 a+ 1 1 0
1047 a+ 1 1 0
1048 a+ 1 1 0
1049 a+ 1 1 0
1050 a+ 1 1 0
1051 a+ 1 1 0
1052 a+ 1 1 0
1053 a+ 1 1 0
1054 a+ 1 1 0
1055 a+ 1 1 0
1056 a+ 1 1 0
1057 a+ 1 1 0
1058 a+ 1 1 0
1059 a+ 1 1 0
1060 a+ 1 1 0
1061 a+ 1 1 0
1062 a+ 1 1 0
1063 a+ 1 1 0
1064 a+ 1 1 0
1065 a+ 1 1 0
1066 a+ 1 1 0
1067 a+ 1 1 0
1068 a+ 1 1 0
1069 a+ 1 1 0
1070 a+ 1 1 0
1071 a+ 1 1 0
1072 a+ 1 1 0
1073 a+ 1 1 0
1074 a+ 1 1 0
1075 a+ 1 1 0
1076 a+ 1 1 0
1077 a+ 1 1 0
1078 a+ 1 1 0
1079 a+ 1 1 0
1080 a+ 1 1 0
1081 a+ 1 1 0
1082 a+ 1 1 0
1083 a+ 1 1 0
1084 a+ 1 1 0
1085 a+ 1 1 0
1086 a+ 1 1 0
1087 a+ 1 1 0
1088 a2 2 1 0
1088 a1 1 0 0
1089 a2 2 0 0
1089 a1 1 1 0
1090 a2 2 1 0
1090 a1 1 0 0
1091 a2 2 0 0
1091 a1 1 1 0
1092 a2 2 1 0
1092 a1 1 0 0
1093 a2 2 0 0
1093 a1 1 1 0
1094 a2 2 1 0
1094 a1 1 0 0
1095 a2 2 0 0
1095 a1 1 1 0
1096 a2 2 1 0
1096 a1 1 0 0
1097 a2 2 0 0
1097 a1 1 1 0
1098 a2 2 1 0
1098 a1 1 0 0
1099 a2 2 0 0
1099 a1 1 1 0
1100 a2 2 1 0
1100 a1 1 0 0
1101 a2 2 0 0
1101 a1 1 1 0
1102 a2 2 1 0
1102 a1 1 0 0
1103 a2 2 0 0
1103 a1 1 1 0
1104 a2 2 1 0
1104 a1 1 0 0
1105 a2 2 0 0
1105 a1 1 1 0
1106 a2 2 1 0
1106 a1 1 0 0
1107 a2 2 0 0
1107 a1 1 1 0
1108 a2 2 1 0
1108 a1 1 0 0
1109 a2 2 0 0
1109 a1 1 1 0
1110 a2 2 1 0
1110 a1 1 0 0
1111 a2 2 0 0
1111 a1 1 1 0
1112 a2 2 1 0
1112 a1 1 0 0
1113 a2 2 0 0
1113 a1 1 1 0
1114 a2 2 1 0
1114 a1 1 0 0
1115 a2 2 0 0
1115 a1 1 1 0
1116 a2 2 1 0
1116 a1 1 0 0
1117 a2 2 0 0
1117 a1 1 1 0
1118 a2 2 1 0
1118 a1 1 0 0
1119 a2 2 0 0
1119 a1 1 1 0
1120 a2 2 1 0
1120 a1 1 0 0
1121 a2 2 0 0
1121 a1 1 1 0
1122 a2 2 1 0
1122 a1 1 0 0
1123 a2 2 0 0
1123 a1 1 1 0
1124 a2 2 1 0
1124 a1 1 0 0
1125 a2 2 0 0
1125 a1 1 1 0
1126 a2 2 1 0
1126 a1 1 0 0
1127 a2 2 0 0
1127 a1 1 1 0
1128 a2 2 1 0
1128 a1 1 0 0
1129 a2 2 0 0
1129 a1 1 1 0
1130 a2 2 1 0
1130 a1 1 0 0
1131 a2 2 0 0
1131 a1 1 1 0
1132 a2 2 1 0
1132 a1 1 0 0
1133 a2 2 0 0
1133 a1 1 1 0
1134 a2 2 1 0
1134 a1 1 0 0
1135 a2 2 0 0
1135 a1 1 1 0
1136 a2 2 1 0
1136 a1 1 0 0
1137 a2 2 0 0
1137 a1 1 1 0
1138 a2 2 1 0
1138 a1 1 0 0
1139 a2 2 0 0
1139 a1 1 1 0
1140 a2 2 1 0
1140 a1 1 0 0
1141 a2 2 0 0
1141 a1 1 1 0
1142 a2 2 1 0
1142 a1 1 0 0
1143 a2 2 0 0
1143 a1 1 1 0
1144 a2 2 1 0
1144 a1 1 0 0
1145 a2 2 0 0
1145 a1 1 1 0
1146 a2 2 1 0
1146 a1 1 0 0
1147 a2 2 0 0
1147 a1 1 1 0
1148 a2 2 1 0
1148 a1 1 0 0
1149 a2 2 0 0
1149 a1 1 1 0
1150 a2 2 1 0
1150 a1 1 0 0
1151 a2 2 0 0
1151 a1 1 1 0
1152 a+ 1 1 0
1153 a+ 1 1 0
1154 a+ 1 1 0
1155 a+ 1 1 0
1156 a+ 1 1 0
1157 a+ 1 1 0
1158 a+ 1 1 0
1159 a+ 1 1 0
1160 a+ 1 1 0
1161 a+ 1 1 0
1162 a+ 1 1 0
1163 a+ 1 1 0
1164 a+ 1 1 0
1165 a+ 1 1 0
1166 a+ 1 1 0
1167 a+ 1 1 0
1168 a+ 1 1 0
1169 a+ 1 1 0
1170 a+ 1 1 0
1171 a+ 1 1 0
1172 a+ 1 1 0
1173 a+ 1 1 0
1174 a+ 1 1 0
1175 a+ 1 1 0
1176 a+ 1 1 0
1177 a+ 1 1 0
1178 a+ 1 1 0
1179 a+ 1 1 0
1180 a+ 1 1 0
1181 a+ 1 1 0
1182 a+ 1 1 0
1183 a+ 1 1 0
1184 a+ 1 1 0
1185 a+ 1 1 0
1186 a+ 1 1 0
1187 a+ 1 1 0
1188 a+ 1 1 0
1189 a+ 1 1 0
1190 a+ 1 1 0
1191 a+ 1 1 0
1192 a+ 1 1 0
1193 a+ 1 1 0
1194 a+ 1 1 0
1195 a+ 1 1 0
1196 a+ 1 1 0
1197 a+ 1 1 0
1198 a+ 1 1 0
1199 a+ 1 1 0
1200 a+ 1 1 0
1201 a+ 1 1 0
1202 a+ 1 1 0
1203 a+ 1 1 0
1204 a+ 1 1 0
1205 a+ 1 1 0
1206 a+ 1 1 0
1207 a+ 1 1 0
1208 a+ 1 1 0
1209 a+ 1 1 0
1210 a+ 1 1 0
1211 a+ 1 1 0
1212 a+ 1 1 0
1213 a+ 1 1 0
1214 a+ 1 1 0
1215 a+ 1 1 0
1216 a2 2 1 0
1216 a1 1 0 0
1217 a2 2 0 0
1217 a1 1 1 0
1218 a2 2 1 0
1218 a1 1 0 0
1219 a2 2 0 0
1219 a1 1 1 0
1220 a2 2 1 0
1220 a1 1 0 0
1221 a2 2 0 0
1221 a1 1 1 0
1222 a2 2 1 0
1222 a1 1 0 0
1223 a2 2 0 0
1223 a1 1 1 0
1224 a2 2 1 0
1224 a1 1 0 0
1225 a2 2 0 0
1225 a1 1 1 0
1226 a2 2 1 0
1226 a1 1 0 0
1227 a2 2 0 0
1227 a1 1 1 0
1228 a2 2 1 0
1228 a1 1 0 0
1229 a2 2 0 0
1229 a1 1 1 0
1230 a2 2 1 0
1230 a1 1 0 0
1231 a2 2 0 0
1231 a1 1 1 0
1232 a2 2 1 0
1232 a1 1 0 0
1233 a2 2 0 0
1233 a1 1 1 0
1234 a2 2 1 0
1234 a1 1 0 0
1235 a2 2 0 0
1235 a1 1 1 0
1236 a2 2 1 0
1236 a1 1 0 0
1237 a2 2 0 0
1237 a1 1 1 0
1238 a2 2 1 0
1238 a1 1 0 0
1239 a2 2 0 0
1239 a1 1 1 0
1240 a2 2 1 0
1240 a1 1 0 0
1241 a2 2 0 0
1241 a1 1 1 0
1242 a2 2 1 0
1242 a1 1 0 0
1243 a2 2 0 0
1243 a1 1 1 0
1244 a2 2 1 0
1244 a1 1 0 0
1245 a2 2 0 0
1245 a1 1 1 0
1246 a2 2 1 0
1246 a1 1 0 0
1247 a2 2 0 0
1247 a1 1 1 0
1248 a2 2 1 0
1248 a1 1 0 0
1249 a2 2 0 0
1249 a1 1 1 0
1250 a2 2 1 0
1250 a1 1 0 0
1251 a2 2 0 0
1251 a1 1 1 0
1252 a2 2 1 0
1252 a1 1 0 0
1253 a2 2 0 0
1253 a1 1 1 0
1254 a2 2 1 0
1254 a1 1 0 0
1255 a2 2 0 0
1255 a1 1 1 0
1256 a2 2 1 0
1256 a1 1 0 0
1257 a2 2 0 0
1257 a1 1 1 0
1258 a2 2 1 0
1258 a1 1 0 0
1259 a2 2 0 0
1259 a1 1 1 0
1260 a2 2 1 0
1260 a1 1 0 0
1261 a2 2 0 0
1261 a1 1 1 0
1262 a2 2 1 0
1262 a1 1 0 0
1263 a2 2 0 0
1263 a1 1 1 0
1264 a2 2 1 0
1264 a1 1 0 0
1265 a2 2 0 0
1265 a1 1 1 0
1266 a2 2 1 0
1266 a1 1 0 0
1267 a2 2 0 0
1267 a1 1 1 0
1268 a2 2 1 0
1268 a1 1 0 0
1269 a2 2 0 0
1269 a1 1 1 0
1270 a2 2 1 0
1270 a1 1 0 0
1271 a2 2 0 0
1271 a1 1 1 0
1272 a2 2 1 0
1272 a1 1 0 0
1273 a2 2 0 0
1273 a1 1 1 0
1274 a2 2 1 0
1274 a1 1 0 0
1275 a2 2 0 0
1275 a1 1 1 0
1276 a2 2 1 0
1276 a1 1 0 0
1277 a2 2 0 0
1277 a1 1 1 0
1278 a2 2 1 0
1278 a1 1 0 0
1279 a2 2 0 0
1279 a1 1 1 0
1280 a+ 1 1 0
1281 a+ 1 1 0
1282 a+ 1 1 0
1283 a+ 1 1 0
1284 a+ 1 1 0
1285 a+ 1 1 0
1286 a+ 1 1 0
1287 a+ 1 1 0
1288 a+ 1 1 0
1289 a+ 1 1 0
1290 a+ 1 1 0
1291 a+ 1 1 0
1292 a+ 1 1 0
1293 a+ 1 1 0
1294 a+ 1 1 0
1295 a+ 1 1 0
1296 a+ 1 1 0
1297 a+ 1 1 0
1298 a+ 1 1 0
1299 a+ 1 1 0
1300 a+ 1 1 0
1301 a+ 1 1 0
1302 a+ 1 1 0
1303 a+ 1 1 0
1304 a+ 1 1 0
1305 a+ 1 1 0
1306 a+ 1 1 0
1307 a+ 1 1 0
1308 a+ 1 1 0
1309 a+ 1 1 0
1310 a+ 1 1 0
1311 a+ 1 1 0
1312 a+ 1 1 0
1313 a+ 1 1 0
1314 a+ 1 1 0
1315 a+ 1 1 0
1316 a+ 1 1 0
1317 a+ 1 1 0
1318 a+ 1 1 0
1319 a+ 1 1 0
1320 a+ 1 1 0
1321 a+ 1 1 0
1322 a+ 1 1 0
1323 a+ 1 1 0
1324 a+ 1 1 0
1325 a+ 1 1 0
1326 a+ 1 1 0
1327 a+ 1 1 0
1328 a+ 1 1 0
1329 a+ 1 1 0
1330 a+ 1 1 0
1331 a+ 1 1 0
1332 a+ 1 1 0
1333 a+ 1 1 0
1334 a+ 1 1 0
1335 a+ 1 1 0
1336 a+ 1 1 0
1337 a+ 1 1 0
1338 a+ 1 1 0
1339 a+ 1 1 0
1340 a+ 1 1 0
1341 a+ 1 1 0
1342 a+ 1 1 0
1343 a+ 1 1 0
1344 a2 2 1 0
1344 a1 1 0 0
1345 a2 2 0 0
1345 a1 1 1 0
1346 a2 2 1 0
1346 a1 1 0 0
1347 a2 2 0 0
1347 a1 1 1 0
1348 a2 2 1 0
1348 a1 1 0 0
1349 a2 2 0 0
1349 a1 1 1 0
1350 a2 2 1 0
1350 a1 1 0 0
1351 a2 2 0 0
1351 a1 1 1 0
1352 a2 2 1 0
1352 a1 1 0 0
1353 a2 2 0 0
1353 a1 1 1 0
1354 a2 2 1 0
1354 a1 1 0 0
1355 a2 2 0 0
1355 a1 1 1 0
1356 a2 2 1 0
1356 a1 1 0 0
1357 a2 2 0 0
1357 a1 1 1 0
1358 a2 2 1 0
1358 a1 1 0 0
1359 a2 2 0 0
1359 a1 1 1 0
1360 a2 2 1 0
1360 a1 1 0 0
1361 a2 2 0 0
1361 a1 1 1 0
1362 a2 2 1 0
1362 a1 1 0 0
1363 a2 2 0 0
1363 a1 1 1 0
1364 a2 2 1 0
1364 a1 1 0 0
1365 a2 2 0 0
1365 a1 1 1 0
1366 a2 2 1 0
1366 a1 1 0 0
1367 a2 2 0 0
1367 a1 1 1 0
1368 a2 2 1 0
1368 a1 1 0 0
1369 a2 2 0 0
1369 a1 1 1 0
1370 a2 2 1 0
1370 a1 1 0 0
1371 a2 2 0 0
1371 a1 1 1 0
1372 a2 2 1 0
1372 a1 1 0 0
1373 a2 2 0 0
1373 a1 1 1 0
1374 a2 2 1 0
1374 a1 1 0 0
1375 a2 2 0 0
1375 a1 1 1 0
1376 a2 2 1 0
1376 a1 1 0 0
1377 a2 2 0 0
1377 a1 1 1 0
1378 a2 2 1 0
1378 a1 1 0 0
1379 a2 2 0 0
1379 a1 1 1 0
1380 a2 2 1 0
1380 a1 1 0 0
1381 a2 2 0 0
1381 a1 1 1 0
1382 a2 2 1 0
1382 a1 1 0 0
1383 a2 2 0 0
1383 a1 1 1 0
1384 a2 2 1 0
1384 a1 1 0 0
1385 a2 2 0 0
1385 a1 1 1 0
1386 a2 2 1 0
1386 a1 1 0 0
1387 a2 2 0 0
1387 a1 1 1 0
1388 a2 2 1 0
1388 a1 1 0 0
1389 a2 2 0 0
1389 a1 1 1 0
1390 a2 2 1 0
1390 a1 1 0 0
1391 a2 2 0 0
1391 a1 1 1 0
1392 a2 2 1 0
1392 a1 1 0 0
1393 a2 2 0 0
1393 a1 1 1 0
1394 a2 2 1 0
1394 a1 1 0 0
1395 a2 2 0 0
1395 a1 1 1 0
1396 a2 2 1 0
1396 a1 1 0 0
1397 a2 2 0 0
1397 a1 1 1 0
1398 a2 2 1 0
1398 a1 1 0 0
1399 a2 2 0 0
1399 a1 1 1 0
1400 a2 2 1 0
1400 a1 1 0 0
1401 a2 2 0 0
1401 a1 1 1 0
1402 a2 2 1 0
1402 a1 1 0 0
1403 a2 2 0 0
1403 a1 1 1 0
1404 a2 2 1 0
1404 a1 1 0 0
1405 a2 2 0 0
1405 a1 1 1 0
1406 a2 2 1 0
1406 a1 1 0 0
1407 a2 2 0 0
1407 a1 1 1 0
1408 a+ 1 1 0
1409 a+ 1 1 0
1410 a+ 1 1 0
1411 a+ 1 1 0
1412 a+ 1 1 0
1413 a+ 1 1 0
1414 a+ 1 1 0
1415 a+ 1 1 0
1416 a+ 1 1 0
1417 a+ 1 1 0
1418 a+ 1 1 0
1419 a+ 1 1 0
1420 a+ 1 1 0
1421 a+ 1 1 0
1422 a+ 1 1 0
1423 a+ 1 1 0
1424 a+ 1 1 0
1425 a+ 1 1 0
1426 a+ 1 1 0
1427 a+ 1 1 0
1428 a+ 1 1 0
1429 a+ 1 1 0
1430 a+ 1 1 0
1431 a+ 1 1 0
1432 a+ 1 1 0
1433 a+ 1 1 0
1434 a+ 1 1 0
1435 a+ 1 1 0
1436 a+ 1 1 0
1437 a+ 1 1 0
1438 a+ 1 1 0
1439 a+ 1 1 0
1440 a+ 1 1 0
1441 a+ 1 1 0
1442 a+ 1 1 0
1443 a+ 1 1 0
1444 a+ 1 1 0
1445 a+ 1 1 0
1446 a+ 1 1 0
1447 a+ 1 1 0
1448 a+ 1 1 0
1449 a+ 1 1 0
1450 a+ 1 1 0
1451 a+ 1 1 0
1452 a+ 1 1 0
1453 a+ 1 1 0
1454 a+ 1 1 0
1455 a+ 1 1 0
1456 a+ 1 1 0
1457 a+ 1 1 0
1458 a+ 1 1 0
1459 a+ 1 1 0
1460 a+ 1 1 0
1461 a+ 1 1 0
1462 a+ 1 1 0
1463 a+ 1 1 0
1464 a+ 1 1 0
1465 a+ 1 1 0
1466 a+ 1 1 0
1467 a+ 1 1 0
1468 a+ 1 1 0
1469 a+ 1 1 0
1470 a+ 1 1 0
1471 a+ 1 1 0
1472 a2 2 1 0
1472 a1 1 0 0
1473 a2 2 0 0
1473 a1 1 1 0
1474 a2 2 1 0
1474 a1 1 0 0
1475 a2 2 0 0
1475 a1 1 1 0
1476 a2 2 1 0
1476 a1 1 0 0
1477 a2 2 0 0
1477 a1 1 1 0
1478 a2 2 1 0
1478 a1 1 0 0
1479 a2 2 0 0
1479 a1 1 1 0
1480 a2 2 1 0
1480 a1 1 0 0
1481 a2 2 0 0
1481 a1 1 1 0
1482 a2 2 1 0
1482 a1 1 0 0
1483 a2 2 0 0
1483 a1 1 1 0
1484 a2 2 1 0
1484 a1 1 0 0
1485 a2 2 0 0
1485 a1 1 1 0
1486 a2 2 1 0
1486 a1 1 0 0
1487 a2 2 0 0
1487 a1 1 1 0
1488 a2 2 1 0
1488 a1 1 0 0
1489 a2 2 0 0
1489 a1 1 1 0
1490 a2 2 1 0
1490 a1 1 0 0
1491 a2 2 0 0
1491 a1 1 1 0
1492 a2 2 1 0
1492 a1 1 0 0
1493 a2 2 0 0
1493 a1 1 1 0
1494 a2 2 1 0
1494 a1 1 0 0
1495 a2 2 0 0
1495 a1 1 1 0
1496 a2 2 1 0
1496 a1 1 0 0
1497 a2 2 0 0
1497 a1 1 1 0
1498 a2 2 1 0
1498 a1 1 0 0
1499 a2 2 0 0
1499 a1 1 1 0
1500 a2 2 1 0
1500 a1 1 0 0
1501 a2 2 0 0
1501 a1 1 1 0
1502 a2 2 1 0
1502 a1 1 0 0
1503 a2 2 0 0
1503 a1 1 1 0
1504 a2 2 1 0
1504 a1 1 0 0
1505 a2 2 0 0
1505 a1 1 1 0
1506 a2 2 1 0
1506 a1 1 0 0
1507 a2 2 0 0
1507 a1 1 1 0
1508 a2 2 1 0
1508 a1 1 0 0
1509 a2 2 0 0
1509 a1 1 1 0
1510 a2 2 1 0
1510 a1 1 0 0
1511 a2 2 0 0
1511 a1 1 1 0
1512 a2 2 1 0
1512 a1 1 0 0
1513 a2 2 0 0
1513 a1 1 1 0
1514 a2 2 1 0
1514 a1 1 0 0
1515 a2 2 0 0
1515 a1 1 1 0
1516 a2 2 1 0
1516 a1 1 0 0
1517 a2 2 0 0
1517 a1 1 1 0
1518 a2 2 1 0
1518 a1 1 0 0
1519 a2 2 0 0
1519 a1 1 1 0
1520 a2 2 1 0
1520 a1 1 0 0
1521 a2 2 0 0
1521 a1 1 1 0
1522 a2 2 1 0
1522 a1 1 0 0
1523 a2 2 0 0
1523 a1 1 1 0
1524 a2 2 1 0
1524 a1 1 0 0
1525 a2 2 0 0
1525 a1 1 1 0
1526 a2 2 1 0
1526 a1 1 0 0
1527 a2 2 0 0
1527 a1 1 1 0
1528 a2 2 1 0
1528 a1 1 0 0
1529 a2 2 0 0
1529 a1 1 1 0
1530 a2 2 1 0
1530 a1 1 0 0
1531 a2 2 0 0
1531 a1 1 1 0
1532 a2 2 1 0
1532 a1 1 0 0
1533 a2 2 0 0
1533 a1 1 1 0
1534 a2 2 1 0
1534 a1 1 0 0
1535 a2 2 0 0
1535 a1 1 1 0
1536 a+ 1 1 0
1537 a+ 1 1 0
1538 a+ 1 1 0
1539 a+ 1 1 0
1540 a+ 1 1 0
1541 a+ 1 1 0
1542 a+ 1 1 0
1543 a+ 1 1 0
1544 a+ 1 1 0
1545 a+ 1 1 0
1546 a+ 1 1 0
1547 a+ 1 1 0
1548 a+ 1 1 0
1549 a+ 1 1 0
1550 a+ 1 1 0
1551 a+ 1 1 0
1552 a+ 1 1 0
1553 a+ 1 1 0
1554 a+ 1 1 0
1555 a+ 1 1 0
1556 a+ 1 1 0
1557 a+ 1 1 0
1558 a+ 1 1 0
1559 a+ 1 1 0
1560 a+ 1 1 0
1561 a+ 1 1 0
1562 a+ 1 1 0
1563 a+ 1 1 0
1564 a+ 1 1 0
1565 a+ 1 1 0
1566 a+ 1 1 0
1567 a+ 1 1 0
1568 a+ 1 1 0
1569 a+ 1 1 0
1570 a+ 1 1 0
1571 a+ 1 1 0
1572 a+ 1 1 0
1573 a+ 1 1 0
1574 a+ 1 1 0
1575 a+ 1 1 0
1576 a+ 1 1 0
1577 a+ 1 1 0
1578 a+ 1 1 0
1579 a+ 1 1 0
1580 a+ 1 1 0
1581 a+ 1 1 0
1582 a+ 1 1 0
1583 a+ 1 1 0
1584 a+ 1 1 0
1585 a+ 1 1 0
1586 a+ 1 1 0
1587 a+ 1 1 0
1588 a+ 1 1 0
1589 a+ 1 1 0
1590 a+ 1 1 0
1591 a+ 1 1 0
1592 a+ 1 1 0
1593 a+ 1 1 0
1594 a+ 1 1 0
1595 a+ 1 1 0
1596 a+ 1 1 0
1597 a+ 1 1 0
1598 a+ 1 1 0
1599 a+ 1 1 0
1600 a2 2 1 0
1600 a1 1 0 0
1601 a2 2 0 0
1601 a1 1 1 0
1602 a2 2 1 0
1602 a1 1 0 0
1603 a2 2 0 0
1603 a1 1 1 0
1604 a2 2 1 0
1604 a1 1 0 0
1605 a2 2 0 0
1605 a1 1 1 0
1606 a2 2 1 0
1606 a1 1 0 0
1607 a2 2 0 0
1607 a1 1 1 0
1608 a2 2 1 0
1608 a1 1 0 0
1609 a2 2 0 0
1609 a1 1 1 0
1610 a2 2 1 0
1610 a1 1 0 0
1611 a2 2 0 0
1611 a1 1 1 0
1612 a2 2 1 0
1612 a1 1 0 0
1613 a2 2 0 0
1613 a1 1 1 0
1614 a2 2 1 0
1614 a1 1 0 0
1615 a2 2 0 0
1615 a1 1 1 0
1616 a2 2 1 0
1616 a1 1 0 0
1617 a2 2 0 0
1617 a1 1 1 0
1618 a2 2 1 0
1618 a1 1 0 0
1619 a2 2 0 0
1619 a1 1 1 0
1620 a2 2 1 0
1620 a1 1 0 0
1621 a2 2 0 0
1621 a1 1 1 0
1622 a2 2 1 0
1622 a1 1 0 0
1623 a2 2 0 0
1623 a1 1 1 0
1624 a2 2 1 0
1624 a1 1 0 0
1625 a2 2 0 0
1625 a1 1 1 0
1626 a2 2 1 0
1626 a1 1 0 0
1627 a2 2 0 0
1627 a1 1 1 0
1628 a2 2 1 0
1628 a1 1 0 0
1629 a2 2 0 0
1629 a1 1 1 0
1630 a2 2 1 0
1630 a1 1 0 0
1631 a2 2 0 0
1631 a1 1 1 0
1632 a2 2 1 0
1632 a1 1 0 0
1633 a2 2 0 0
1633 a1 1 1 0
1634 a2 2 1 0
1634 a1 1 0 0
1635 a2 2 0 0
1635 a1 1 1 0
1636 a2 2 1 0
1636 a1 1 0 0
1637 a2 2 0 0
1637 a1 1 1 0
1638 a2 2 1 0
1638 a1 1 0 0
1639 a2 2 0 0
1639 a1 1 1 0
1640 a2 2 1 0
1640 a1 1 0 0
1641 a2 2 0 0
1641 a1 1 1 0
1642 a2 2 1 0
1642 a1 1 0 0
1643 a2 2 0 0
1643 a1 1 1 0
1644 a2 2 1 0
1644 a1 1 0 0
1645 a2 2 0 0
1645 a1 1 1 0
1646 a2 2 1 0
1646 a1 1 0 0
1647 a2 2 0 0
1647 a1 1 1 0
1648 a2 2 1 0
1648 a1 1 0 0
1649 a2 2 0 0
1649 a1 1 1 0
1650 a2 2 1 0
1650 a1 1 0 0
1651 a2 2 0 0
1651 a1 1 1 0
1652 a2 2 1 0
1652 a1 1 0 0
1653 a2 2 0 0
1653 a1 1 1 0
1654 a2 2 1 0
1654 a1 1 0 0
1655 a2 2 0 0
1655 a1 1 1 0
1656 a2 2 1 0
1656 a1 1 0 0
1657 a2 2 0 0
1657 a1 1 1 0
1658 a2 2 1 0
1658 a1 1 0 0
1659 a2 2 0 0
1659 a1 1 1 0
1660 a2 2 1 0
1660 a1 1 0 0
1661 a2 2 0 0
1661 a1 1 1 0
1662 a2 2 1 0
1662 a1 1 0 0
1663 a2 2 0 0
1663 a1 1 1 0
1664 a+ 1 1 0
1665 a+ 1 1 0
1666 a+ 1 1 0
1667 a+ 1 1 0
1668 a+ 1 1 0
1669 a+ 1 1 0
1670 a+ 1 1 0
1671 a+ 1 1 0
1672 a+ 1 1 0
1673 a+ 1 1 0
1674 a+ 1 1 0
1675 a+ 1 1 0
1676 a+ 1 1 0
1677 a+ 1 1 0
1678 a+ 1 1 0
1679 a+ 1 1 0
1680 a+ 1 1 0
1681 a+ 1 1 0
1682 a+ 1 1 0
1683 a+ 1 1 0
1684 a+ 1 1 0
1685 a+ 1 1 0
1686 a+ 1 1 0
1687 a+ 1 1 0
1688 a+ 1 1 0
1689 a+ 1 1 0
1690 a+ 1 1 0
1691 a+ 1 1 0
1692 a+ 1 1 0
1693 a+ 1 1 0
1694 a+ 1 1 0
1695 a+ 1 1 0
1696 a+ 1 1 0
1697 a+ 1 1 0
1698 a+ 1 1 0
1699 a+ 1 1 0
1700 a+ 1 1 0
1701 a+ 1 1 0
1702 a+ 1 1 0
1703 a+ 1 1 0
1704 a+ 1 1 0
1705 a+ 1 1 0
1706 a+ 1 1 0
1707 a+ 1 1 0
1708 a+ 1 1 0
1709 a+ 1 1 0
1710 a+ 1 1 0
1711 a+ 1 1 0
1712 a+ 1 1 0
1713 a+ 1 1 0
1714 a+ 1 1 0
1715 a+ 1 1 0
1716 a+ 1 1 0
1717 a+ 1 1 0
1718 a+ 1 1 0
1719 a+ 1 1 0
1720 a+ 1 1 0
1721 a+ 1 1 0
1722 a+ 1 1 0
1723 a+ 1 1 0
1724 a+ 1 1 0
1725 a+ 1 1 0
1726 a+ 1 1 0
1727 a+ 1 1 0
1728 a2 2 1 0
1728 a1 1 0 0
1729 a2 2 0 0
1729 a1 1 1 0
1730 a2 2 1 0
1730 a1 1 0 0
1731 a2 2 0 0
1731 a1 1 1 0
1732 a2 2 1 0
1732 a1 1 0 0
1733 a2 2 0 0
1733 a1 1 1 0
1734 a2 2 1 0
1734 a1 1 0 0
1735 a2 2 0 0
1735 a1 1 1 0
1736 a2 2 1 0
1736 a1 1 0 0
1737 a2 2 0 0
1737 a1 1 1 0
1738 a2 2 1 0
1738 a1 1 0 0
1739 a2 2 0 0
1739 a1 1 1 0
1740 a2 2 1 0
1740 a1 1 0 0
1741 a2 2 0 0
1741 a1 1 1 0
1742 a2 2 1 0
1742 a1 1 0 0
1743 a2 2 0 0
1743 a1 1 1 0
1744 a2 2 1 0
1744 a1 1 0 0
1745 a2 2 0 0
1745 a1 1 1 0
1746 a2 2 1 0
1746 a1 1 0 0
1747 a2 2 0 0
1747 a1 1 1 0
1748 a2 2 1 0
1748 a1 1 0 0
1749 a2 2 0 0
1749 a1 1 1 0
1750 a2 2 1 0
1750 a1 1 0 0
1751 a2 2 0 0
1751 a1 1 1 0
1752 a2 2 1 0
1752 a1 1 0 0
1753 a2 2 0 0
1753 a1 1 1 0
1754 a2 2 1 0
1754 a1 1 0 0
1755 a2 2 0 0
1755 a1 1 1 0
1756 a2 2 1 0
1756 a1 1 0 0
1757 a2 2 0 0
1757 a1 1 1 0
1758 a2 2 1 0
1758 a1 1 0 0
1759 a2 2 0 0
1759 a1 1 1 0
1760 a2 2 1 0
1760 a1 1 0 0
1761 a2 2 0 0
1761 a1 1 1 0
1762 a2 2 1 0
1762 a1 1 0 0
1763 a2 2 0 0
1763 a1 1 1 0
1764 a2 2 1 0
1764 a1 1 0 0
1765 a2 2 0 0
1765 a1 1 1 0
1766 a2 2 1 0
1766 a1 1 0 0
1767 a2 2 0 0
1767 a1 1 1 0
1768 a2 2 1 0
1768 a1 1 0 0
1769 a2 2 0 0
1769 a1 1 1 0
1770 a2 2 1 0
1770 a1 1 0 0
1771 a2 2 0 0
1771 a1 1 1 0
1772 a2 2 1 0
1772 a1 1 0 0
1773 a2 2 0 0
1773 a1 1 1 0
1774 a2 2 1 0
1774 a1 1 0 0
1775 a2 2 0 0
1775 a1 1 1 0
1776 a2 2 1 0
1776 a1 1 0 0
1777 a2 2 0 0
1777 a1 1 1 0
1778 a2 2 1 0
1778 a1 1 0 0
1779 a2 2 0 0
1779 a1 1 1 0
1780 a2 2 1 0
1780 a1 1 0 0
1781 a2 2 0 0
1781 a1 1 1 0
1782 a2 2 1 0
1782 a1 1 0 0
1783 a2 2 0 0
1783 a1 1 1 0
1784 a2 2 1 0
1784 a1 1 0 0
1785 a2 2 0 0
1785 a1 1 1 0
1786 a2 2 1 0
1786 a1 1 0 0
1787 a2 2 0 0
1787 a1 1 1 0
1788 a2 2 1 0
1788 a1 1 0 0
1789 a2 2 0 0
1789 a1 1 1 0
1790 a2 2 1 0
1790 a1 1 0 0
1791 a2 2 0 0
1791 a1 1 1 0
1792 a+ 1 1 0
1793 a+ 1 1 0
1794 a+ 1 1 0
1795 a+ 1 1 0
1796 a+ 1 1 0
1797 a+ 1 1 0
1798 a+ 1 1 0
1799 a+ 1 1 0
1800 a+ 1 1 0
1801 a+ 1 1 0
1802 a+ 1 1 0
1803 a+ 1 1 0
1804 a+ 1 1 0
1805 a+ 1 1 0
1806 a+ 1 1 0
1807 a+ 1 1 0
1808 a+ 1 1 0
1809 a+ 1 1 0
1810 a+ 1 1 0
1811 a+ 1 1 0
1812 a+ 1 1 0
1813 a+ 1 1 0
1814 a+ 1 1 0
1815 a+ 1 1 0
1816 a+ 1 1 0
1817 a+ 1 1 0
1818 a+ 1 1 0
1819 a+ 1 1 0
1820 a+ 1 1 0
1821 a+ 1 1 0
1822 a+ 1 1 0
1823 a+ 1 1 0
1824 a+ 1 1 0
1825 a+ 1 1 0
1826 a+ 1 1 0
1827 a+ 1 1 0
1828 a+ 1 1 0
1829 a+ 1 1 0
1830 a+ 1 1 0
1831 a+ 1 1 0
1832 a+ 1 1 0
1833 a+ 1 1 0
1834 a+ 1 1 0
1835 a+ 1 1 0
1836 a+ 1 1 0
1837 a+ 1 1 0
1838 a+ 1 1 0
1839 a+ 1 1 0
1840 a+ 1 1 0
1841 a+ 1 1 0
1842 a+ 1 1 0
1843 a+ 1 1 0
1844 a+ 1 1 0
1845 a+ 1 1 0
1846 a+ 1 1 0
1847 a+ 1 1 0
1848 a+ 1 1 0
1849 a+ 1 1 0
1850 a+ 1 1 0
1851 a+ 1 1 0
1852 a+ 1 1 0
1853 a+ 1 1 0
1854 a+ 1 1 0
1855 a+ 1 1 0
1856 a2 2 1 0
1856 a1 1 0 0
1857 a2 2 0 0
1857 a1 1 1 0
1858 a2 2 1 0
1858 a1 1 0 0
1859 a2 2 0 0
1859 a1 1 1 0
1860 a2 2 1 0
1860 a1 1 0 0
1861 a2 2 0 0
1861 a1 1 1 0
1862 a2 2 1 0
1862 a1 1 0 0
1863 a2 2 0 0
1863 a1 1 1 0
1864 a2 2 1 0
1864 a1 1 0 0
1865 a2 2 0 0
1865 a1 1 1 0
1866 a2 2 1 0
1866 a1 1 0 0
1867 a2 2 0 0
1867 a1 1 1 0
1868 a2 2 1 0
1868 a1 1 0 0
1869 a2 2 0 0
1869 a1 1 1 0
1870 a2 2 1 0
1870 a1 1 0 0
1871 a2 2 0 0
1871 a1 1 1 0
1872 a2 2 1 0
1872 a1 1 0 0
1873 a2 2 0 0
1873 a1 1 1 0
1874 a2 2 1 0
1874 a1 1 0 0
1875 a2 2 0 0
1875 a1 1 1 0
1876 a2 2 1 0
1876 a1 1 0 0
1877 a2 2 0 0
1877 a1 1 1 0
1878 a2 2 1 0
1878 a1 1 0 0
1879 a2 2 0 0
1879 a1 1 1 0
1880 a2 2 1 0
1880 a1 1 0 0
1881 a2 2 0 0
1881 a1 1 1 0
1882 a2 2 1 0
1882 a1 1 0 0
1883 a2 2 0 0
1883 a1 1 1 0
1884 a2 2 1 0
1884 a1 1 0 0
1885 a2 2 0 0
1885 a1 1 1 0
1886 a2 2 1 0
1886 a1 1 0 0
1887 a2 2 0 0
1887 a1 1 1 0
1888 a2 2 1 0
1888 a1 1 0 0
1889 a2 2 0 0
1889 a1 1 1 0
1890 a2 2 1 0
1890 a1 1 0 0
1891 a2 2 0 0
1891 a1 1 1 0
1892 a2 2 1 0
1892 a1 1 0 0
1893 a2 2 0 0
1893 a1 1 1 0
1894 a2 2 1 0
1894 a1 1 0 0
1895 a2 2 0 0
1895 a1 1 1 0
1896 a2 2 1 0
1896 a1 1 0 0
1897 a2 2 0 0
1897 a1 1 1 0
1898 a2 2 1 0
1898 a1 1 0 0
1899 a2 2 0 0
1899 a1 1 1 0
1900 a2 2 1 0
1900 a1 1 0 0
1901 a2 2 0 0
1901 a1 1 1 0
1902 a2 2 1 0
1902 a1 1 0 0
1903 a2 2 0 0
1903 a1 1 1 0
1904 a2 2 1 0
1904 a1 1 0 0
1905 a2 2 0 0
1905 a1 1 1 0
1906 a2 2 1 0
1906 a1 1 0 0
1907 a2 2 0 0
1907 a1 1 1 0
1908 a2 2 1 0
1908 a1 1 0 0
1909 a2 2 0 0
1909 a1 1 1 0
1910 a2 2 1 0
1910 a1 1 0 0
1911 a2 2 0 0
1911 a1 1 1 0
1912 a2 2 1 0
1912 a1 1 0 0
1913 a2 2 0 0
1913 a1 1 1 0
1914 a2 2 1 0
1914 a1 1 0 0
1915 a2 2 0 0
1915 a1 1 1 0
1916 a2 2 1 0
1916 a1 1 0 0
1917 a2 2 0 0
1917 a1 1 1 0
1918 a2 2 1 0
1918 a1 1 0 0
1919 a2 2 0 0
1919 a1 1 1 0
1920 a+ 1 1 0
1921 a+ 1 1 0
1922 a+ 1 1 0
1923 a+ 1 1 0
1924 a+ 1 1 0
1925 a+ 1 1 0
1926 a+ 1 1 0
1927 a+ 1 1 0
1928 a+ 1 1 0
1929 a+ 1 1 0
1930 a+ 1 1 0
1931 a+ 1 1 0
1932 a+ 1 1 0
1933 a+ 1 1 0
1934 a+ 1 1 0
1935 a+ 1 1 0
1936 a+ 1 1 0
1937 a+ 1 1 0
1938 a+ 1 1 0
1939 a+ 1 1 0
1940 a+ 1 1 0
1941 a+ 1 1 0
1942 a+ 1 1 0
1943 a+ 1 1 0
1944 a+ 1 1 0
1945 a+ 1 1 0
1946 a+ 1 1 0
1947 a+ 1 1 0
1948 a+ 1 1 0
1949 a+ 1 1 0
1950 a+ 1 1 0
1951 a+ 1 1 0
1952 a+ 1 1 0
1953 a+ 1 1 0
1954 a+ 1 1 0
1955 a+ 1 1 0
1956 a+ 1 1 0
1957 a+ 1 1 0
1958 a+ 1 1 0
1959 a+ 1 1 0
1960 a+ 1 1 0
1961 a+ 1 1 0
1962 a+ 1 1 0
1963 a+ 1 1 0
1964 a+ 1 1 0
1965 a+ 1 1 0
1966 a+ 1 1 0
1967 a+ 1 1 0
1968 a+ 1 1 0
1969 a+ 1 1 0
1970 a+ 1 1 0
1971 a+ 1 1 0
1972 a+ 1 1 0
1973 a+ 1 1 0
1974 a+ 1 1 0
1975 a+ 1 1 0
1976 a+ 1 1 0
1977 a+ 1 1 0
1978 a+ 1 1 0
1979 a+ 1 1 0
1980 a+ 1 1 0
1981 a+ 1 1 0
1982 a+ 1 1 0
1983 a+ 1 1 0
1984 a2 2 1 0
1984 a1 1 0 0
1985 a2 2 0 0
1985 a1 1 1 0
1986 a2 2 1 0
1986 a1 1 0 0
1987 a2 2 0 0
1987 a1 1 1 0
1988 a2 2 1 0
1988 a1 1 0 0
1989 a2 2 0 0
1989 a1 1 1 0
1990 a2 2 1 0
1990 a1 1 0 0
1991 a2 2 0 0
1991 a1 1 1 0
1992 a2 2 1 0
1992 a1 1 0 0
1993 a2 2 0 0
1993 a1 1 1 0
1994 a2 2 1 0
1994 a1 1 0 0
1995 a2 2 0 0
1995 a1 1 1 0
1996 a2 2 1 0
1996 a1 1 0 0
1997 a2 2 0 0
1997 a1 1 1 0
1998 a2 2 1 0
1998 a1 1 0 0
1999 a2 2 0 0
1999 a1 1 1 0
2000 a2 2 1 0
2000 a1 1 0 0
2001 a2 2 0 0
2001 a1 1 1 0
2002 a2 2 1 0
2002 a1 1 0 0
2003 a2 2 0 0
2003 a1 1 1 0
2004 a2 2 1 0
2004 a1 1 0 0
2005 a2 2 0 0
2005 a1 1 1 0
2006 a2 2 1 0
2006 a1 1 0 0
2007 a2 2 0 0
2007 a1 1 1 0
2008 a2 2 1 0
2008 a1 1 0 0
2009 a2 2 0 0
2009 a1 1 1 0
2010 a2 2 1 0
2010 a1 1 0 0
2011 a2 2 0 0
2011 a1 1 1 0
2012 a2 2 1 0
2012 a1 1 0 0
2013 a2 2 0 0
2013 a1 1 1 0
2014 a2 2 1 0
2014 a1 1 0 0
2015 a2 2 0 0
2015 a1 1 1 0
2016 a2 2 1 0
2016 a1 1 0 0
2017 a2 2 0 0
2017 a1 1 1 0
2018 a2 2 1 0
2018 a1 1 0 0
2019 a2 2 0 0
2019 a1 1 1 0
2020 a2 2 1 0
2020 a1 1 0 0
2021 a2 2 0 0
2021 a1 1 1 0
2022 a2 2 1 0
2022 a1 1 0 0
2023 a2 2 0 0
2023 a1 1 1 0
2024 a2 2 1 0
2024 a1 1 0 0
2025 a2 2 0 0
2025 a1 1 1 0
2026 a2 2 1 0
2026 a1 1 0 0
2027 a2 2 0 0
2027 a1 1 1 0
2028 a2 2 1 0
2028 a1 1 0 0
2029 a2 2 0 0
2029 a1 1 1 0
2030 a2 2 1 0
2030 a1 1 0 0
2031 a2 2 0 0
2031 a1 1 1 0
2032 a2 2 1 0
2032 a1 1 0 0
2033 a2 2 0 0
2033 a1 1 1 0
2034 a2 2 1 0
2034 a1 1 0 0
2035 a2 2 0 0
2035 a1 1 1 0
2036 a2 2 1 0
2036 a1 1 0 0
2037 a2 2 0 0
2037 a1 1 1 0
2038 a2 2 1 0
2038 a1 1 0 0
2039 a2 2 0 0
2039 a1 1 1 0
2040 a2 2 1 0
2040 a1 1 0 0
2041 a2 2 0 0
2041 a1 1 1 0
2042 a2 2 1 0
2042 a1 1 0 0
2043 a2 2 0 0
2043 a1 1 1 0
2044 a2 2 1 0
2044 a1 1 0 0
2045 a2 2 0 0
2045 a1 1 1 0
2046 a2 2 1 0
2046 a1 1 0 0
2047 a2 2 0 0
2047 a1 1 1 0
2048 a+ 1 1 0
2049 a+ 1 1 0
2050 a+ 1 1 0
2051 a+ 1 1 0
2052 a+ 1 1 0
2053 a+ 1 1 0
2054 a+ 1 1 0
2055 a+ 1 1 0
2056 a+ 1 1 0
2057 a+ 1 1 0
2058 a+ 1 1 0
2059 a+ 1 1 0
2060 a+ 1 1 0
2061 a+ 1 1 0
2062 a+ 1 1 0
2063 a+ 1 1 0
2064 a+ 1 1 0
2065 a+ 1 1 0
2066 a+ 1 1 0
2067 a+ 1 1 0
2068 a+ 1 1 0
2069 a+ 1 1 0
2070 a+ 1 1 0
2071 a+ 1 1 0
2072 a+ 1 1 0
2073 a+ 1 1 0
2074 a+ 1 1 0
2075 a+ 1 1 0
2076 a+ 1 1 0
2077 a+ 1 1 0
2078 a+ 1 1 0
2079 a+ 1 1 0
2080 a+ 1 1 0
2081 a+ 1 1 0
2082 a+ 1 1 0
2083 a+ 1 1 0
2084 a+ 1 1 0
2085 a+ 1 1 0
2086 a+ 1 1 0
2087 a+ 1 1 0
2088 a+ 1 1 0
2089 a+ 1 1 0
2090 a+ 1 1 0
2091 a+ 1 1 0
2092 a+ 1 1 0
2093 a+ 1 1 0
2094 a+ 1 1 0
2095 a+ 1 1 0
2096 a+ 1 1 0
2097 a+ 1 1 0
2098 a+ 1 1 0
2099 a+ 1 1 0
2100 a+ 1 1 0
2101 a+ 1 1 0
2102 a+ 1 1 0
2103 a+ 1 1 0
2104 a+ 1 1 0
2105 a+ 1 1 0
2106 a+ 1 1 0
2107 a+ 1 1 0
2108 a+ 1 1 0
2109 a+ 1 1 0
2110 a+ 1 1 0
2111 a+ 1 1 0
2176 a+ 1 1 0
2177 a+ 1 1 0
2178 a+ 1 1 0
2179 a+ 1 1 0
2180 a+ 1 1 0
2181 a+ 1 1 0
2182 a+ 1 1 0
2183 a+ 1 1 0
2184 a+ 1 1 0
2185 a+ 1 1 0
2186 a+ 1 1 0
2187 a+ 1 1 0
2188 a+ 1 1 0
2189 a+ 1 1 0
2190 a+ 1 1 0
2191 a+ 1 1 0
2192 a+ 1 1 0
2193 a+ 1 1 0
2194 a+ 1 1 0
2195 a+ 1 1 0
2196 a+ 1 1 0
2197 a+ 1 1 0
2198 a+ 1 1 0
2199 a+ 1 1 0
2200 a+ 1 1 0
2201 a+ 1 1 0
2202 a+ 1 1 0
2203 a+ 1 1 0
2204 a+ 1 1 0
2205 a+ 1 1 0
2206 a+ 1 1 0
2207 a+ 1 1 0
2208 a+ 1 1 0
2209 a+ 1 1 0
2210 a+ 1 1 0
2211 a+ 1 1 0
2212 a+ 1 1 0
2213 a+ 1 1 0
2214 a+ 1 1 0
2215 a+ 1 1 0
2216 a+ 1 1 0
2217 a+ 1 1 0
2218 a+ 1 1 0
2219 a+ 1 1 0
2220 a+ 1 1 0
2221 a+ 1 1 0
2222 a+ 1 1 0
2223 a+ 1 1 0
2224 a+ 1 1 0
2225 a+ 1 1 0
2226 a+ 1 1 0
2227 a+ 1 1 0
2228 a+ 1 1 0
2229 a+ 1 1 0
2230 a+ 1 1 0
2231 a+ 1 1 0
2232 a+ 1 1 0
2233 a+ 1 1 0
2234 a+ 1 1 0
2235 a+ 1 1 0
2236 a+ 1 1 0
2237 a+ 1 1 0
2238 a+ 1 1 0
2239 a+ 1 1 0
2240 a2 2 1 0
2240 a1 1 0 0
2241 a2 2 0 0
2241 a1 1 1 0
2242 a2 2 1 0
2242 a1 1 0 0
2243 a2 2 0 0
2243 a1 1 1 0
2244 a2 2 1 0
2244 a1 1 0 0
2245 a2 2 0 0
2245 a1 1 1 0
2246 a2 2 1 0
2246 a1 1 0 0
2247 a2 2 0 0
2247 a1 1 1 0
2248 a2 2 1 0
2248 a1 1 0 0
2249 a2 2 0 0
2249 a1 1 1 0
2250 a2 2 1 0
2250 a1 1 0 0
2251 a2 2 0 0
2251 a1 1 1 0
2252 a2 2 1 0
2252 a1 1 0 0
2253 a2 2 0 0
2253 a1 1 1 0
2254 a2 2 1 0
2254 a1 1 0 0
2255 a2 2 0 0
2255 a1 1 1 0
2256 a2 2 1 0
2256 a1 1 0 0
2257 a2 2 0 0
2257 a1 1 1 0
2258 a2 2 1 0
2258 a1 1 0 0
2259 a2 2 0 0
2259 a1 1 1 0
2260 a2 2 1 0
2260 a1 1 0 0
2261 a2 2 0 0
2261 a1 1 1 0
2262 a2 2 1 0
2262 a1 1 0 0
2263 a2 2 0 0
2263 a1 1 1 0
2264 a2 2 1 0
2264 a1 1 0 0
2265 a2 2 0 0
2265 a1 1 1 0
2266 a2 2 1 0
2266 a1 1 0 0
2267 a2 2 0 0
2267 a1 1 1 0
2268 a2 2 1 0
2268 a1 1 0 0
2269 a2 2 0 0
2269 a1 1 1 0
2270 a2 2 1 0
2270 a1 1 0 0
2271 a2 2 0 0
2271 a1 1 1 0
2272 a2 2 1 0
2272 a1 1 0 0
2273 a2 2 0 0
2273 a1 1 1 0
2274 a2 2 1 0
2274 a1 1 0 0
2275 a2 2 0 0
2275 a1 1 1 0
2276 a2 2 1 0
2276 a1 1 0 0
2277 a2 2 0 0
2277 a1 1 1 0
2278 a2 2 1 0
2278 a1 1 0 0
2279 a2 2 0 0
2279 a1 1 1 0
2280 a2 2 1 0
2280 a1 1 0 0
2281 a2 2 0 0
2281 a1 1 1 0
2282 a2 2 1 0
2282 a1 1 0 0
2283 a2 2 0 0
2283 a1 1 1 0
2284 a2 2 1 0
2284 a1 1 0 0
2285 a2 2 0 0
2285 a1 1 1 0
2286 a2 2 1 0
2286 a1 1 0 0
2287 a2 2 0 0
2287 a1 1 1 0
2288 a2 2 1 0
2288 a1 1 0 0
2289 a2 2 0 0
2289 a1 1 1 0
2290 a2 2 1 0
2290 a1 1 0 0
2291 a2 2 0 0
2291 a1 1 1 0
2292 a2 2 1 0
2292 a1 1 0 0
2293 a2 2 0 0
2293 a1 1 1 0
2294 a2 2 1 0
2294 a1 1 0 0
2295 a2 2 0 0
2295 a1 1 1 0
2296 a2 2 1 0
2296 a1 1 0 0
2297 a2 2 0 0
2297 a1 1 1 0
2298 a2 2 1 0
2298 a1 1 0 0
2299 a2 2 0 0
2299 a1 1 1 0
2300 a2 2 1 0
2300 a1 1 0 0
2301 a2 2 0 0
2301 a1 1 1 0
2302 a2 2 1 0
2302 a1 1 0 0
2303 a2 2 0 0
2303 a1 1 1 0
2304 a+ 1 1 0
2305 a+ 1 1 0
2306 a+ 1 1 0
2307 a+ 1 1 0
2308 a+ 1 1 0
2309 a+ 1 1 0
2310 a+ 1 1 0
2311 a+ 1 1 0
2312 a+ 1 1 0
2313 a+ 1 1 0
2314 a+ 1 1 0
2315 a+ 1 1 0
2316 a+ 1 1 0
2317 a+ 1 1 0
2318 a+ 1 1 0
2319 a+ 1 1 0
2320 a+ 1 1 0
2321 a+ 1 1 0
2322 a+ 1 1 0
2323 a+ 1 1 0
2324 a+ 1 1 0
2325 a+ 1 1 0
2326 a+ 1 1 0
2327 a+ 1 1 0
2328 a+ 1 1 0
2329 a+ 1 1 0
2330 a+ 1 1 0
2331 a+ 1 1 0
2332 a+ 1 1 0
2333 a+ 1 1 0
2334 a+ 1 1 0
2335 a+ 1 1 0
2336 a+ 1 1 0
2337 a+ 1 1 0
2338 a+ 1 1 0
2339 a+ 1 1 0
2340 a+ 1 1 0
2341 a+ 1 1 0
2342 a+ 1 1 0
2343 a+ 1 1 0
2344 a+ 1 1 0
2345 a+ 1 1 0
2346 a+ 1 1 0
2347 a+ 1 1 0
2348 a+ 1 1 0
2349 a+ 1 1 0
2350 a+ 1 1 0
2351 a+ 1 1 0
2352 a+ 1 1 0
2353 a+ 1 1 0
2354 a+ 1 1 0
2355 a+ 1 1 0
2356 a+ 1 1 0
2357 a+ 1 1 0
2358 a+ 1 1 0
2359 a+ 1 1 0
2360 a+ 1 1 0
2361 a+ 1 1 0
2362 a+ 1 1 0
2363 a+ 1 1 0
2364 a+ 1 1 0
2365 a+ 1 1 0
2366 a+ 1 1 0
2367 a+ 1 1 0
2368 a2 2 1 0
2368 a1 1 0 0
2369 a2 2 0 0
2369 a1 1 1 0
2370 a2 2 1 0
2370 a1 1 0 0
2371 a2 2 0 0
2371 a1 1 1 0
2372 a2 2 1 0
2372 a1 1 0 0
2373 a2 2 0 0
2373 a1 1 1 0
2374 a2 2 1 0
2374 a1 1 0 0
2375 a2 2 0 0
2375 a1 1 1 0
2376 a2 2 1 0
2376 a1 1 0 0
2377 a2 2 0 0
2377 a1 1 1 0
2378 a2 2 1 0
2378 a1 1 0 0
2379 a2 2 0 0
2379 a1 1 1 0
2380 a2 2 1 0
2380 a1 1 0 0
2381 a2 2 0 0
2381 a1 1 1 0
2382 a2 2 1 0
2382 a1 1 0 0
2383 a2 2 0 0
2383 a1 1 1 0
2384 a2 2 1 0
2384 a1 1 0 0
2385 a2 2 0 0
2385 a1 1 1 0
2386 a2 2 1 0
2386 a1 1 0 0
2387 a2 2 0 0
2387 a1 1 1 0
2388 a2 2 1 0
2388 a1 1 0 0
2389 a2 2 0 0
2389 a1 1 1 0
2390 a2 2 1 0
2390 a1 1 0 0
2391 a2 2 0 0
2391 a1 1 1 0
2392 a2 2 1 0
2392 a1 1 0 0
2393 a2 2 0 0
2393 a1 1 1 0
2394 a2 2 1 0
2394 a1 1 0 0
2395 a2 2 0 0
2395 a1 1 1 0
2396 a2 2 1 0
2396 a1 1 0 0
2397 a2 2 0 0
2397 a1 1 1 0
2398 a2 2 1 0
2398 a1 1 0 0
2399 a2 2 0 0
2399 a1 1 1 0
2400 a2 2 1 0
2400 a1 1 0 0
2401 a2 2 0 0
2401 a1 1 1 0
2402 a2 2 1 0
2402 a1 1 0 0
2403 a2 2 0 0
2403 a1 1 1 0
2404 a2 2 1 0
2404 a1 1 0 0
2405 a2 2 0 0
2405 a1 1 1 0
2406 a2 2 1 0
2406 a1 1 0 0
2407 a2 2 0 0
2407 a1 1 1 0
2408 a2 2 1 0
2408 a1 1 0 0
2409 a2 2 0 0
2409 a1 1 1 0
2410 a2 2 1 0
2410 a1 1 0 0
2411 a2 2 0 0
2411 a1 1 1 0
2412 a2 2 1 0
2412 a1 1 0 0
2413 a2 2 0 0
2413 a1 1 1 0
2414 a2 2 1 0
2414 a1 1 0 0
2415 a2 2 0 0
2415 a1 1 1 0
2416 a2 2 1 0
2416 a1 1 0 0
2417 a2 2 0 0
2417 a1 1 1 0
2418 a2 2 1 0
2418 a1 1 0 0
2419 a2 2 0 0
2419 a1 1 1 0
2420 a2 2 1 0
2420 a1 1 0 0
2421 a2 2 0 0
2421 a1 1 1 0
2422 a2 2 1 0
2422 a1 1 0 0
2423 a2 2 0 0
2423 a1 1 1 0
2424 a2 2 1 0
2424 a1 1 0 0
2425 a2 2 0 0
2425 a1 1 1 0
2426 a2 2 1 0
2426 a1 1 0 0
2427 a2 2 0 0
2427 a1 1 1 0
2428 a2 2 1 0
2428 a1 1 0 0
2429 a2 2 0 0
2429 a1 1 1 0
2430 a2 2 1 0
2430 a1 1 0 0
2431 a2 2 0 0
2431 a1 1 1 0
2432 a+ 1 1 0
2433 a+ 1 1 0
2434 a+ 1 1 0
2435 a+ 1 1 0
2436 a+ 1 1 0
2437 a+ 1 1 0
2438 a+ 1 1 0
2439 a+ 1 1 0
2440 a+ 1 1 0
2441 a+ 1 1 0
2442 a+ 1 1 0
2443 a+ 1 1 0
2444 a+ 1 1 0
2445 a+ 1 1 0
2446 a+ 1 1 0
2447 a+ 1 1 0
2448 a+ 1 1 0
2449 a+ 1 1 0
2450 a+ 1 1 0
2451 a+ 1 1 0
2452 a+ 1 1 0
2453 a+ 1 1 0
2454 a+ 1 1 0
2455 a+ 1 1 0
2456 a+ 1 1 0
2457 a+ 1 1 0
2458 a+ 1 1 0
2459 a+ 1 1 0
2460 a+ 1 1 0
2461 a+ 1 1 0
2462 a+ 1 1 0
2463 a+ 1 1 0
2464 a+ 1 1 0
2465 a+ 1 1 0
2466 a+ 1 1 0
2467 a+ 1 1 0
2468 a+ 1 1 0
2469 a+ 1 1 0
2470 a+ 1 1 0
2471 a+ 1 1 0
2472 a+ 1 1 0
2473 a+ 1 1 0
2474 a+ 1 1 0
2475 a+ 1 1 0
2476 a+ 1 1 0
2477 a+ 1 1 0
2478 a+ 1 1 0
2479 a+ 1 1 0
2480 a+ 1 1 0
2481 a+ 1 1 0
2482 a+ 1 1 0
2483 a+ 1 1 0
2484 a+ 1 1 0
2485 a+ 1 1 0
2486 a+ 1 1 0
2487 a+ 1 1 0
2488 a+ 1 1 0
2489 a+ 1 1 0
2490 a+ 1 1 0
2491 a+ 1 1 0
2492 a+ 1 1 0
2493 a+ 1 1 0
2494 a+ 1 1 0
2495 a+ 1 1 0
2496 a2 2 1 0
2496 a1 1 0 0
2497 a2 2 0 0
2497 a1 1 1 0
2498 a2 2 1 0
2498 a1 1 0 0
2499 a2 2 0 0
2499 a1 1 1 0
2500 a2 2 1 0
2500 a1 1 0 0
2501 a2 2 0 0
2501 a1 1 1 0
2502 a2 2 1 0
2502 a1 1 0 0
2503 a2 2 0 0
2503 a1 1 1 0
2504 a2 2 1 0
2504 a1 1 0 0
2505 a2 2 0 0
2505 a1 1 1 0
2506 a2 2 1 0
2506 a1 1 0 0
2507 a2 2 0 0
2507 a1 1 1 0
2508 a2 2 1 0
2508 a1 1 0 0
2509 a2 2 0 0
2509 a1 1 1 0
2510 a2 2 1 0
2510 a1 1 0 0
2511 a2 2 0 0
2511 a1 1 1 0
2512 a2 2 1 0
2512 a1 1 0 0
2513 a2 2 0 0
2513 a1 1 1 0
2514 a2 2 1 0
2514 a1 1 0 0
2515 a2 2 0 0
2515 a1 1 1 0
2516 a2 2 1 0
2516 a1 1 0 0
2517 a2 2 0 0
2517 a1 1 1 0
2518 a2 2 1 0
2518 a1 1 0 0
2519 a2 2 0 0
2519 a1 1 1 0
2520 a2 2 1 0
2520 a1 1 0 0
2521 a2 2 0 0
2521 a1 1 1 0
2522 a2 2 1 0
2522 a1 1 0 0
2523 a2 2 0 0
2523 a1 1 1 0
2524 a2 2 1 0
2524 a1 1 0 0
2525 a2 2 0 0
2525 a1 1 1 0
2526 a2 2 1 0
2526 a1 1 0 0
2527 a2 2 0 0
2527 a1 1 1 0
2528 a2 2 1 0
2528 a1 1 0 0
2529 a2 2 0 0
2529 a1 1 1 0
2530 a2 2 1 0
2530 a1 1 0 0
2531 a2 2 0 0
2531 a1 1 1 0
2532 a2 2 1 0
2532 a1 1 0 0
2533 a2 2 0 0
2533 a1 1 1 0
2534 a2 2 1 0
2534 a1 1 0 0
2535 a2 2 0 0
2535 a1 1 1 0
2536 a2 2 1 0
2536 a1 1 0 0
2537 a2 2 0 0
2537 a1 1 1 0
2538 a2 2 1 0
2538 a1 1 0 0
2539 a2 2 0 0
2539 a1 1 1 0
2540 a2 2 1 0
2540 a1 1 0 0
2541 a2 2 0 0
2541 a1 1 1 0
2542 a2 2 1 0
2542 a1 1 0 0
2543 a2 2 0 0
2543 a1 1 1 0
2544 a2 2 1 0
2544 a1 1 0 0
2545 a2 2 0 0
2545 a1 1 1 0
2546 a2 2 1 0
2546 a1 1 0 0
2547 a2 2 0 0
2547 a1 1 1 0
2548 a2 2 1 0
2548 a1 1 0 0
2549 a2 2 0 0
2549 a1 1 1 0
2550 a2 2 1 0
2550 a1 1 0 0
2551 a2 2 0 0
2551 a1 1 1 0
2552 a2 2 1 0
2552 a1 1 0 0
2553 a2 2 0 0
2553 a1 1 1 0
2554 a2 2 1 0
2554 a1 1 0 0
2555 a2 2 0 0
2555 a1 1 1 0
2556 a2 2 1 0
2556 a1 1 0 0
2557 a2 2 0 0
2557 a1 1 1 0
2558 a2 2 1 0
2558 a1 1 0 0
2559 a2 2 0 0
2559 a1 1 1 0
2560 a+ 1 1 0
2561 a+ 1 1 0
2562 a+ 1 1 0
2563 a+ 1 1 0
2564 a+ 1 1 0
2565 a+ 1 1 0
2566 a+ 1 1 0
2567 a+ 1 1 0
2568 a+ 1 1 0
2569 a+ 1 1 0
2570 a+ 1 1 0
2571 a+ 1 1 0
2572 a+ 1 1 0
2573 a+ 1 1 0
2574 a+ 1 1 0
2575 a+ 1 1 0
2576 a+ 1 1 0
2577 a+ 1 1 0
2578 a+ 1 1 0
2579 a+ 1 1 0
2580 a+ 1 1 0
2581 a+ 1 1 0
2582 a+ 1 1 0
2583 a+ 1 1 0
2584 a+ 1 1 0
2585 a+ 1 1 0
2586 a+ 1 1 0
2587 a+ 1 1 0
2588 a+ 1 1 0
2589 a+ 1 1 0
2590 a+ 1 1 0
2591 a+ 1 1 0
2592 a+ 1 1 0
2593 a+ 1 1 0
2594 a+ 1 1 0
2595 a+ 1 1 0
2596 a+ 1 1 0
2597 a+ 1 1 0
2598 a+ 1 1 0
2599 a+ 1 1 0
2600 a+ 1 1 0
2601 a+ 1 1 0
2602 a+ 1 1 0
2603 a+ 1 1 0
2604 a+ 1 1 0
2605 a+ 1 1 0
2606 a+ 1 1 0
2607 a+ 1 1 0
2608 a+ 1 1 0
2609 a+ 1 1 0
2610 a+ 1 1 0
2611 a+ 1 1 0
2612 a+ 1 1 0
2613 a+ 1 1 0
2614 a+ 1 1 0
2615 a+ 1 1 0
2616 a+ 1 1 0
2617 a+ 1 1 0
2618 a+ 1 1 0
2619 a+ 1 1 0
2620 a+ 1 1 0
2621 a+ 1 1 0
2622 a+ 1 1 0
2623 a+ 1 1 0
2624 a2 2 1 0
2624 a1 1 0 0
2625 a2 2 0 0
2625 a1 1 1 0
2626 a2 2 1 0
2626 a1 1 0 0
2627 a2 2 0 0
2627 a1 1 1 0
2628 a2 2 1 0
2628 a1 1 0 0
2629 a2 2 0 0
2629 a1 1 1 0
2630 a2 2 1 0
2630 a1 1 0 0
2631 a2 2 0 0
2631 a1 1 1 0
2632 a2 2 1 0
2632 a1 1 0 0
2633 a2 2 0 0
2633 a1 1 1 0
2634 a2 2 1 0
2634 a1 1 0 0
2635 a2 2 0 0
2635 a1 1 1 0
2636 a2 2 1 0
2636 a1 1 0 0
2637 a2 2 0 0
2637 a1 1 1 0
2638 a2 2 1 0
2638 a1 1 0 0
2639 a2 2 0 0
2639 a1 1 1 0
2640 a2 2 1 0
2640 a1 1 0 0
2641 a2 2 0 0
2641 a1 1 1 0
2642 a2 2 1 0
2642 a1 1 0 0
2643 a2 2 0 0
2643 a1 1 1 0
2644 a2 2 1 0
2644 a1 1 0 0
2645 a2 2 0 0
2645 a1 1 1 0
2646 a2 2 1 0
2646 a1 1 0 0
2647 a2 2 0 0
2647 a1 1 1 0
2648 a2 2 1 0
2648 a1 1 0 0
2649 a2 2 0 0
2649 a1 1 1 0
2650 a2 2 1 0
2650 a1 1 0 0
2651 a2 2 0 0
2651 a1 1 1 0
2652 a2 2 1 0
2652 a1 1 0 0
2653 a2 2 0 0
2653 a1 1 1 0
2654 a2 2 1 0
2654 a1 1 0 0
2655 a2 2 0 0
2655 a1 1 1 0
2656 a2 2 1 0
2656 a1 1 0 0
2657 a2 2 0 0
2657 a1 1 1 0
2658 a2 2 1 0
2658 a1 1 0 0
2659 a2 2 0 0
2659 a1 1 1 0
2660 a2 2 1 0
2660 a1 1 0 0
2661 a2 2 0 0
2661 a1 1 1 0
2662 a2 2 1 0
2662 a1 1 0 0
2663 a2 2 0 0
2663 a1 1 1 0
2664 a2 2 1 0
2664 a1 1 0 0
2665 a2 2 0 0
2665 a1 1 1 0
2666 a2 2 1 0
2666 a1 1 0 0
2667 a2 2 0 0
2667 a1 1 1 0
2668 a2 2 1 0
2668 a1 1 0 0
2669 a2 2 0 0
2669 a1 1 1 0
2670 a2 2 1 0
2670 a1 1 0 0
2671 a2 2 0 0
2671 a1 1 1 0
2672 a2 2 1 0
2672 a1 1 0 0
2673 a2 2 0 0
2673 a1 1 1 0
2674 a2 2 1 0
2674 a1 1 0 0
2675 a2 2 0 0
2675 a1 1 1 0
2676 a2 2 1 0
2676 a1 1 0 0
2677 a2 2 0 0
2677 a1 1 1 0
2678 a2 2 1 0
2678 a1 1 0 0
2679 a2 2 0 0
2679 a1 1 1 0
2680 a2 2 1 0
2680 a1 1 0 0
2681 a2 2 0 0
2681 a1 1 1 0
2682 a2 2 1 0
2682 a1 1 0 0
2683 a2 2 0 0
2683 a1 1 1 0
2684 a2 2 1 0
2684 a1 1 0 0
2685 a2 2 0 0
2685 a1 1 1 0
2686 a2 2 1 0
2686 a1 1 0 0
2687 a2 2 0 0
2687 a1 1 1 0
