28
36
100
12 11 5 5 0 0 0 0 0 0 0 0 0 0 0 0 0 0 0 0 0 0 0 0 0 0 0 0
2 4 5
2 4 5
2 6 7
2 6 7
2 8 9
1 9
2 10 11
1 10
2 12 13
2 14 15
2 12 13
2 14 15
2 16 17
1 17
2 18 19
1 19
2 20 21
2 22 23
2 20 21
2 22 23
2 24 25
1 25
2 26 27
1 27
0
0
0
0
0 a+ 1 1 0
1 a+ 1 1 0
2 a+ 1 1 0
3 a+ 1 1 0
4 a2 2 1 0
4 a1 1 0 0
5 a2 2 0 0
5 a1 1 1 0
6 a2 2 1 0
6 a1 1 0 0
7 a2 2 0 0
7 a1 1 1 0
8 a+ 1 1 0
9 a+ 1 1 0
10 a+ 1 1 0
11 a+ 1 1 0
12 a2 2 1 0
12 a1 1 0 0
13 a2 2 0 0
13 a1 1 1 0
14 a2 2 1 0
14 a1 1 0 0
15 a2 2 0 0
15 a1 1 1 0
16 a+ 1 1 0
17 a+ 1 1 0
18 a+ 1 1 0
19 a+ 1 1 0
20 a2 2 1 0
20 a1 1 0 0
21 a2 2 0 0
21 a1 1 1 0
22 a2 2 1 0
22 a1 1 0 0
23 a2 2 0 0
23 a1 1 1 0
