81
107
4
1 0 0 2 2 2 2 2 2 2 2 2 0 0 0 0 0 0 0 0 0 0 0 0 0 0 0 0 0 0 0 0 0 0 0 0 0 0 0 0 0 0 0 0 0 0 0 0 0 0 0 0 0 0 0 0 0 0 0 0 0 0 0 0 0 0 0 0 0 0 0 0 0 0 0 0 0 0 0 0 0
2 1 2
9 12 13 14 15 16 17 18 19 20
9 12 13 14 15 16 17 18 19 20
1 12
1 13
1 14
1 15
1 16
1 17
1 18
1 19
1 20
8 21 22 23 24 25 26 27 28
1 29
7 30 31 32 33 34 35 36
9 37 38 39 40 41 42 43 44 45
7 46 47 48 49 50 51 52
20 53 54 55 56 57 58 59 60 61 62 63 64 65 66 67 68 69 70 71 72
3 73 74 75
1 76
2 77 78
1 79
1 79
1 79
1 79
1 79
1 79
1 79
1 79
1 79
1 79
1 79
1 79
1 79
1 79
1 79
1 79
1 79
1 79
1 79
1 79
1 79
1 79
1 79
1 79
1 79
1 79
1 79
1 79
1 79
1 79
1 79
1 79
1 79
1 79
1 79
1 79
1 79
1 79
1 79
1 79
1 79
1 79
1 79
1 79
1 79
1 79
1 79
1 79
1 79
1 79
1 79
1 79
1 79
1 79
1 79
1 79
1 79
1 79
1 80
0
0 a 1 1 0
1 a 1 1 0
2 a 1 1 0
3 a2 1 1 0
3 a 1 1 0
3 a2 2 1 0
4 a2 1 1 0
4 a 1 1 0
4 a2 2 1 0
5 a2 1 1 0
5 a 1 1 0
5 a2 2 1 0
6 a2 1 1 0
6 a 1 1 0
6 a2 2 1 0
7 a2 1 1 0
7 a 1 1 0
7 a2 2 1 0
8 a2 1 1 0
8 a 1 1 0
8 a2 2 1 0
9 a2 1 1 0
9 a 1 1 0
9 a2 2 1 0
10 a2 1 1 0
10 a 1 1 0
10 a2 2 1 0
11 a2 1 1 0
11 a 1 1 0
11 a2 2 1 0
12 a3 3 0 0
12 a4 4 1 0
13 a3 3 0 0
13 a4 4 1 0
14 a3 3 0 0
14 a4 4 1 0
15 a3 3 0 0
15 a4 4 1 0
16 a3 3 0 0
16 a4 4 1 0
17 a3 3 0 0
17 a4 4 1 0
18 a3 3 0 0
18 a4 4 1 0
19 a3 3 0 0
19 a4 4 1 0
20 a3 3 0 0
20 a4 4 1 0
21 a 1 1 0
22 a 1 1 0
23 a 1 1 0
24 a 1 1 0
25 a 1 1 0
26 a 1 1 0
27 a 1 1 0
28 a 1 1 0
29 a 1 1 0
30 a 1 1 0
31 a 1 1 0
32 a 1 1 0
33 a 1 1 0
34 a 1 1 0
35 a 1 1 0
36 a 1 1 0
37 a 1 1 0
38 a 1 1 0
39 a 1 1 0
40 a 1 1 0
41 a 1 1 0
42 a 1 1 0
43 a 1 1 0
44 a 1 1 0
45 a 1 1 0
46 a 1 1 0
47 a 1 1 0
48 a 1 1 0
49 a 1 1 0
50 a 1 1 0
51 a 1 1 0
52 a 1 1 0
53 a 1 1 0
54 a 1 1 0
55 a 1 1 0
56 a 1 1 0
57 a 1 1 0
58 a 1 1 0
59 a 1 1 0
60 a 1 1 0
61 a 1 1 0
62 a 1 1 0
63 a 1 1 0
64 a 1 1 0
65 a 1 1 0
66 a 1 1 0
67 a 1 1 0
68 a 1 1 0
69 a 1 1 0
70 a 1 1 0
71 a 1 1 0
72 a 1 1 0
73 a 1 1 0
74 a 1 1 0
75 a 1 1 0
76 a 1 1 0
77 a 1 1 0
78 a 1 1 0
79 a56 56 1 0