142
159
4
1 0 0 2 2 2 2 2 2 0 0 0 0 0 0 0 0 0 0 0 0 0 0 0 0 0 0 0 0 0 0 0 0 0 0 0 0 0 0 0 0 0 0 0 0 0 0 0 0 0 0 0 0 0 0 0 0 0 0 0 0 0 0 0 0 0 0 0 0 0 0 0 0 0 0 0 0 0 0 0 0 0 0 0 0 0 0 0 0 0 0 0 0 0 0 0 0 0 0 0 0 0 0 0 0 0 0 0 0 0 0 0 0 0 0 0 0 0 0 0 0 0 0 0 0 0 0 0 0 0 0 0 0 0 0 0 0 0 0 0 0 0
2 1 2
6 9 10 11 12 13 14
6 9 10 11 12 13 14
1 9
1 10
1 11
1 12
1 13
1 14
14 15 16 17 18 19 20 21 22 23 24 25 26 27 28
55 29 30 31 32 33 34 35 36 37 38 39 40 41 42 43 44 45 46 47 48 49 50 51 52 53 54 55 56 57 58 59 60 61 62 63 64 65 66 67 68 69 70 71 72 73 74 75 76 77 78 79 80 81 82 83
10 84 85 86 87 88 89 90 91 92 93
1 94
9 95 96 97 98 99 100 101 102 103
36 104 105 106 107 108 109 110 111 112 113 114 115 116 117 118 119 120 121 122 123 124 125 126 127 128 129 130 131 132 133 134 135 136 137 138 139
1 140
1 140
1 140
1 140
1 140
1 140
1 140
1 140
1 140
1 140
1 140
1 140
1 140
1 140
1 140
1 140
1 140
1 140
1 140
1 140
1 140
1 140
1 140
1 140
1 140
1 140
1 140
1 140
1 140
1 140
1 140
1 140
1 140
1 140
1 140
1 140
1 140
1 140
1 140
1 140
1 140
1 140
1 140
1 140
1 140
1 140
1 140
1 140
1 140
1 140
1 140
1 140
1 140
1 140
1 140
1 140
1 140
1 140
1 140
1 140
1 140
1 140
1 140
1 140
1 140
1 140
1 140
1 140
1 140
1 140
1 140
1 140
1 140
1 140
1 140
1 140
1 140
1 140
1 140
1 140
1 140
1 140
1 140
1 140
1 140
1 140
1 140
1 140
1 140
1 140
1 140
1 140
1 140
1 140
1 140
1 140
1 140
1 140
1 140
1 140
1 140
1 140
1 140
1 140
1 140
1 140
1 140
1 140
1 140
1 140
1 140
1 140
1 140
1 140
1 140
1 140
1 140
1 140
1 140
1 140
1 140
1 140
1 140
1 140
1 140
1 141
0
0 a 1 1 0
1 a 1 1 0
2 a 1 1 0
3 a2 1 1 0
3 a 1 1 0
3 a2 2 1 0
4 a2 1 1 0
4 a 1 1 0
4 a2 2 1 0
5 a2 1 1 0
5 a 1 1 0
5 a2 2 1 0
6 a2 1 1 0
6 a 1 1 0
6 a2 2 1 0
7 a2 1 1 0
7 a 1 1 0
7 a2 2 1 0
8 a2 1 1 0
8 a 1 1 0
8 a2 2 1 0
9 a3 3 0 0
9 a4 4 1 0
10 a3 3 0 0
10 a4 4 1 0
11 a3 3 0 0
11 a4 4 1 0
12 a3 3 0 0
12 a4 4 1 0
13 a3 3 0 0
13 a4 4 1 0
14 a3 3 0 0
14 a4 4 1 0
15 a 1 1 0
16 a 1 1 0
17 a 1 1 0
18 a 1 1 0
19 a 1 1 0
20 a 1 1 0
21 a 1 1 0
22 a 1 1 0
23 a 1 1 0
24 a 1 1 0
25 a 1 1 0
26 a 1 1 0
27 a 1 1 0
28 a 1 1 0
29 a 1 1 0
30 a 1 1 0
31 a 1 1 0
32 a 1 1 0
33 a 1 1 0
34 a 1 1 0
35 a 1 1 0
36 a 1 1 0
37 a 1 1 0
38 a 1 1 0
39 a 1 1 0
40 a 1 1 0
41 a 1 1 0
42 a 1 1 0
43 a 1 1 0
44 a 1 1 0
45 a 1 1 0
46 a 1 1 0
47 a 1 1 0
48 a 1 1 0
49 a 1 1 0
50 a 1 1 0
51 a 1 1 0
52 a 1 1 0
53 a 1 1 0
54 a 1 1 0
55 a 1 1 0
56 a 1 1 0
57 a 1 1 0
58 a 1 1 0
59 a 1 1 0
60 a 1 1 0
61 a 1 1 0
62 a 1 1 0
63 a 1 1 0
64 a 1 1 0
65 a 1 1 0
66 a 1 1 0
67 a 1 1 0
68 a 1 1 0
69 a 1 1 0
70 a 1 1 0
71 a 1 1 0
72 a 1 1 0
73 a 1 1 0
74 a 1 1 0
75 a 1 1 0
76 a 1 1 0
77 a 1 1 0
78 a 1 1 0
79 a 1 1 0
80 a 1 1 0
81 a 1 1 0
82 a 1 1 0
83 a 1 1 0
84 a 1 1 0
85 a 1 1 0
86 a 1 1 0
87 a 1 1 0
88 a 1 1 0
89 a 1 1 0
90 a 1 1 0
91 a 1 1 0
92 a 1 1 0
93 a 1 1 0
94 a 1 1 0
95 a 1 1 0
96 a 1 1 0
97 a 1 1 0
98 a 1 1 0
99 a 1 1 0
100 a 1 1 0
101 a 1 1 0
102 a 1 1 0
103 a 1 1 0
104 a 1 1 0
105 a 1 1 0
106 a 1 1 0
107 a 1 1 0
108 a 1 1 0
109 a 1 1 0
110 a 1 1 0
111 a 1 1 0
112 a 1 1 0
113 a 1 1 0
114 a 1 1 0
115 a 1 1 0
116 a 1 1 0
117 a 1 1 0
118 a 1 1 0
119 a 1 1 0
120 a 1 1 0
121 a 1 1 0
122 a 1 1 0
123 a 1 1 0
124 a 1 1 0
125 a 1 1 0
126 a 1 1 0
127 a 1 1 0
128 a 1 1 0
129 a 1 1 0
130 a 1 1 0
131 a 1 1 0
132 a 1 1 0
133 a 1 1 0
134 a 1 1 0
135 a 1 1 0
136 a 1 1 0
137 a 1 1 0
138 a 1 1 0
139 a 1 1 0
140 a89 89 1 0